Elo Rank	Player	Age	Elo		hElo Rank	hElo	cElo Rank	cElo	gElo Rank	gElo		Peak Elo	Peak Month		ATP Rank	Log diff
1	Jannik Sinner	24.2	2293.2		1	2245.2	2	2153.9	2	2075.0		2329.6	2025-01		2	-0.69
2	Carlos Alcaraz	22.5	2272.8		2	2188.9	1	2216.6	1	2139.7		2296.4	2025-09		1	0.69
3	Novak Djokovic	38.4	2089.9		3	2041.6	3	1997.4	3	1950.2		2463.2	2016-05		4	-0.29
4	Alexander Zverev	28.5	2048.0		4	2005.7	4	1996.7	5	1878.9		2176.5	2022-01		3	0.29
5	Taylor Fritz	28.0	2028.6		5	1971.6	11	1896.8	4	1938.4		2070.2	2025-09		9	-0.59
6	Alex De Minaur	26.7	2003.0		7	1952.4	9	1898.7	9	1837.4		2053.1	2024-06		6	0
7	Felix Auger Aliassime	25.2	1990.8		6	1958.7	13	1866.4	10	1796.7		2062.7	2022-10		5	0.34
8	Daniil Medvedev	29.7	1968.5		8	1934.5	8	1899.0	6	1863.3		2201.2	2022-01		13	-0.49
9	Lorenzo Musetti	23.6	1967.8		13	1885.1	5	1978.3	7	1849.9		2050.5	2025-05		7	0.25
10	Casper Ruud	26.8	1951.1		14	1882.7	6	1947.6	40	1698.8		2071.9	2022-05		12	-0.18
11	Alexander Bublik	28.3	1947.8		19	1852.6	10	1897.9	8	1842.9		1976.5	2025-10		11	0
12	Ben Shelton	23.0	1947.5		11	1899.3	18	1840.0	12	1789.3		2024.4	2025-08		8	0.41
13	Learner Tien	20.0	1945.4		9	1911.8	114	1625.0	34	1715.0		1945.4	2025-12		26	-0.69
14	Jack Draper	23.6	1932.4		12	1890.1	23	1816.6	19	1753.5		2103.8	2025-04		10	0.34
15	Joao Fonseca	19.1	1931.9		10	1910.2	24	1810.3	38	1707.2		1992.5	2025-03		29	-0.66
16	Jiri Lehecka	24.0	1921.3		18	1869.4	26	1797.5	11	1793.1		1989.9	2025-10		19	-0.17
17	Alejandro Davidovich Fokina	26.3	1919.9		17	1873.1	20	1829.2	24	1737.7		1934.8	2025-07		14	0.19
18	Holger Rune	22.4	1906.9		16	1874.5	12	1878.7	18	1763.4		2082.0	2023-05		15	0.18
19	Karen Khachanov	29.4	1893.9		22	1835.9	16	1842.9	15	1775.1		2029.5	2018-10		17	0.11
20	Ugo Humbert	27.3	1880.6		15	1875.7	39	1738.1	29	1726.4		2017.7	2024-03		36	-0.59
21	Sebastian Korda	25.3	1876.9		23	1832.6	33	1761.5	16	1770.6		2020.7	2023-01		46	-0.78
22	Francisco Cerundolo	27.2	1875.4		24	1832.3	14	1846.0	59	1659.9		1961.6	2025-04		21	0.05
23	Andrey Rublev	28.0	1875.2		25	1831.3	15	1845.8	13	1787.1		2122.1	2021-04		16	0.36
24	Arthur Fils	21.1	1872.6		32	1795.5	17	1842.4	31	1722.4		1985.3	2025-04		41	-0.54
25	Stefanos Tsitsipas	27.0	1866.7		28	1818.2	7	1904.8	37	1707.4		2145.1	2021-05		34	-0.31
26	Jakub Mensik	20.2	1864.1		20	1839.1	32	1762.5	44	1693.4		1968.7	2025-04		18	0.37
27	Flavio Cobolli	23.5	1859.9		35	1786.5	22	1821.7	22	1742.2		1895.6	2025-07		22	0.20
28	Grigor Dimitrov	34.4	1859.4		27	1821.7	35	1757.5	39	1703.9		2111.5	2014-08		47	-0.52
29	Tommy Paul	28.2	1856.8		34	1789.0	25	1808.9	30	1723.3		2028.8	2025-05		20	0.37
30	Cameron Norrie	30.1	1855.9		33	1794.4	21	1828.7	21	1748.7		2028.6	2022-08		28	0.07
31	Valentin Vacherot	26.9	1855.4		21	1837.8	59	1717.0	111	1581.7		1867.2	2025-10		31	0
32	Matteo Berrettini	29.5	1852.4		30	1801.5	19	1830.7	20	1749.5		2065.7	2022-07		55	-0.54
33	Gael Monfils	39.0	1848.2		26	1823.1	64	1713.0	53	1674.2		2087.1	2016-10		69	-0.74
34	Corentin Moutet	26.5	1844.1		38	1775.7	31	1765.0	23	1738.3		1881.9	2025-10		32	0.06
35	Tallon Griekspoor	29.3	1843.8		36	1785.4	28	1783.6	14	1779.0		1951.8	2025-06		25	0.34
36	Arthur Rinderknech	30.3	1828.2		37	1777.6	43	1734.3	43	1694.4		1871.8	2025-10		27	0.29
37	Gabriel Diallo	24.0	1826.0		47	1750.5	38	1739.0	32	1718.2		1889.2	2025-06		40	-0.08
38	Denis Shapovalov	26.5	1823.5		29	1807.7	50	1727.0	61	1657.2		1983.2	2020-01		23	0.50
39	Hubert Hurkacz	28.3	1820.8		45	1752.9	36	1756.1	28	1727.3		2022.5	2024-06		83	-0.76
40	Frances Tiafoe	27.6	1817.9		39	1774.5	29	1774.0	36	1709.8		1974.0	2023-06		30	0.29
41	Tomas Machac	25.0	1817.7		31	1797.0	58	1718.8	49	1681.7		1972.7	2025-04		35	0.16
42	Jenson Brooksby	25.0	1817.6		43	1762.2	42	1735.0	33	1716.2		2005.3	2022-03		49	-0.15
43	Jaume Munar	28.5	1816.1		41	1767.0	40	1736.1	69	1642.9		1830.4	2025-10		38	0.12
44	Brandon Nakashima	24.2	1811.9		42	1763.3	57	1719.5	27	1728.3		1909.5	2024-09		33	0.29
45	Zizou Bergs	26.4	1802.4		40	1767.6	78	1691.9	55	1664.6		1859.2	2025-03		42	0.07
46	Alexei Popyrin	26.2	1799.9		49	1747.6	30	1774.0	68	1644.1		1902.2	2024-10		50	-0.08
47	Fabian Marozsan	26.0	1798.6		48	1747.9	37	1739.3	95	1600.5		1867.2	2024-04		53	-0.12
48	Marton Fucsovics	33.6	1798.1		50	1746.5	46	1728.8	25	1730.8		1924.2	2021-03		54	-0.12
49	Arthur Cazaux	23.1	1795.3		58	1737.2	69	1704.0	60	1659.9		1811.9	2025-10		63	-0.25
50	Marin Cilic	37.0	1793.2		52	1743.7	65	1712.5	17	1767.4		2100.4	2010-02		70	-0.34
51	Roberto Bautista Agut	37.3	1790.9		63	1724.8	44	1730.8	26	1729.5		2033.8	2016-02		90	-0.57
52	Raphael Collignon	23.8	1787.7		44	1759.3	81	1686.7	103	1591.4		1806.3	2025-10		84	-0.48
53	Lorenzo Sonego	30.4	1784.5		55	1740.9	76	1694.3	47	1683.2		1895.3	2021-05		39	0.31
54	Jordan Thompson	31.5	1781.9		54	1742.8	131	1609.3	35	1713.4		1891.2	2024-12		113	-0.74
55	Alejandro Tabilo	28.4	1781.6		61	1730.4	45	1730.3	45	1689.2		1895.7	2024-07		81	-0.39
56	Kamil Majchrzak	29.8	1780.7		57	1738.9	53	1725.6	52	1676.0		1813.1	2025-10		59	-0.05
57	Yibing Wu	25.9	1780.1		46	1752.3	108	1634.9	115	1576.6		1882.9	2023-03		179	-1.14
58	Tomas Martin Etcheverry	26.3	1779.7		53	1743.6	56	1720.6	123	1569.2		1871.7	2023-05		57	0.02
59	Yannick Hanfmann	33.9	1771.6		69	1716.6	54	1723.6	73	1638.0		1843.4	2023-06		102	-0.55
60	Nuno Borges	28.7	1771.5		51	1744.6	60	1716.3	79	1620.1		1843.6	2025-03		45	0.29
61	Reilly Opelka	28.1	1768.5		59	1732.4	79	1691.3	67	1644.3		1927.5	2022-04		60	0.02
62	Rafael Jodar	19.2	1766.9		56	1740.0	142	1594.1	109	1583.4		1766.9	2025-12		165	-0.98
63	Eliot Spizzirri	23.8	1766.9		62	1730.4	156	1574.4	84	1615.4		1785.6	2025-11		89	-0.35
64	Matteo Arnaldi	24.6	1764.8		66	1718.1	34	1760.0	107	1583.7		1902.9	2024-06		61	0.05
65	Benjamin Bonzi	29.3	1763.9		60	1731.6	117	1619.7	63	1651.1		1835.8	2022-06		99	-0.42
66	Alex Michelsen	21.1	1762.4		70	1716.0	111	1631.0	51	1678.8		1904.8	2025-01		37	0.58
67	Giovanni Mpetshi Perricard	22.3	1762.4		71	1714.1	80	1686.7	57	1663.5		1862.8	2024-12		67	0
68	Daniel Altmaier	27.1	1762.1		75	1701.5	49	1727.2	119	1573.7		1789.1	2021-08		44	0.44
69	Marcos Giron	32.2	1762.0		72	1714.0	96	1652.7	41	1697.9		1874.1	2025-03		64	0.08
70	Luciano Darderi	23.7	1760.9		139	1592.9	27	1795.9	112	1581.6		1857.0	2024-06		24	1.07
71	Kei Nishikori	35.8	1759.2		65	1719.9	101	1643.6	85	1613.8		2194.2	2016-08		238	-1.21
72	Jan Lennard Struff	35.5	1758.0		81	1695.8	61	1715.4	62	1652.3		1935.1	2024-07		82	-0.13
73	Alexander Blockx	20.6	1753.6		64	1724.5	127	1613.2	77	1621.9		1763.0	2025-12		115	-0.45
74	Leandro Riedi	23.5	1746.8		73	1712.0	139	1595.9	54	1671.2		1823.3	2023-01		177	-0.87
75	Miomir Kecmanovic	26.1	1746.4		79	1699.4	77	1694.3	74	1634.9		1900.6	2022-04		51	0.39
76	Jacob Fearnley	24.3	1745.8		80	1698.5	66	1712.4	71	1641.9		1910.0	2024-10		74	0.03
77	Alexandre Muller	28.7	1744.6		90	1681.0	48	1728.1	133	1556.4		1801.7	2025-05		52	0.39
78	Ethan Quinn	21.6	1742.3		82	1693.8	91	1667.6	80	1619.2		1803.9	2025-05		76	0.03
79	Valentin Royer	24.4	1741.2		86	1684.9	89	1670.8	65	1646.4		1800.2	2025-10		56	0.34
80	Borna Coric	28.7	1740.9		84	1686.4	52	1726.3	75	1633.5		2011.6	2019-01		122	-0.42
81	Ignacio Buse	21.6	1739.3		145	1588.5	55	1721.8	147	1543.1		1834.0	2025-09		100	-0.21
82	Francisco Comesana	25.0	1737.7		91	1679.8	72	1701.2	110	1581.8		1761.9	2025-08		66	0.22
83	Pablo Carreno Busta	34.3	1736.0		68	1717.2	71	1702.7	125	1565.7		2005.1	2021-08		92	-0.10
84	Yoshihito Nishioka	30.1	1734.8		74	1709.3	104	1641.3	128	1562.9		1884.7	2023-01		116	-0.32
85	Cristian Garin	29.4	1734.2		106	1641.1	47	1728.4	64	1650.9		1889.6	2019-04		78	0.09
86	Juncheng Shang	20.6	1733.9		83	1687.7	109	1634.2	66	1644.8		1895.7	2024-09		406	-1.55
87	Botic Van De Zandschulp	30.0	1733.8		78	1700.8	82	1682.6	104	1587.8		1938.0	2022-09		75	0.15
88	Hamad Medjedovic	22.2	1732.9		85	1685.0	70	1703.0	97	1599.2		1844.2	2025-04		80	0.10
89	Roman Safiullin	28.0	1731.1		67	1718.1	90	1669.1	93	1600.8		1911.3	2024-01		170	-0.65
90	David Goffin	34.8	1730.7		88	1683.7	74	1696.1	48	1682.1		2048.7	2017-04		117	-0.26
91	Michael Zheng	21.7	1729.7		77	1701.1	233	1474.9	143	1545.5		1777.3	2025-09		182	-0.69
92	Patrick Kypson	26.0	1725.1		76	1701.2	144	1592.9	162	1524.8		1725.1	2025-11		118	-0.25
93	Dominik Koepfer	30.7	1719.9		94	1669.9	67	1712.3	86	1613.0		1822.7	2024-03		508	-1.70
94	Adrian Mannarino	37.3	1718.8		89	1681.9	189	1529.6	46	1683.3		1896.3	2018-01		68	0.32
95	Jesper De Jong	25.4	1717.1		97	1657.0	68	1710.7	149	1539.5		1741.0	2025-10		71	0.29
96	Dino Prizmic	20.3	1715.5		98	1655.5	75	1695.1	138	1553.9		1783.6	2025-09		126	-0.27
97	Mariano Navone	24.7	1713.1		159	1565.0	51	1726.5	165	1521.3		1875.9	2024-04		72	0.30
98	Zachary Svajda	22.7	1709.9		109	1635.6	202	1516.5	42	1697.1		1769.0	2023-10		142	-0.37
99	Stan Wawrinka	40.6	1708.3		87	1683.8	99	1649.0	90	1605.0		2145.5	2016-01		156	-0.45
100	Nicolas Jarry	29.9	1706.7		108	1637.0	84	1679.4	56	1664.4		1903.0	2023-10		133	-0.29
101	Camilo Ugo Carabelli	26.3	1704.5		133	1603.6	63	1714.4	230	1468.9		1771.9	2025-05		48	0.74
102	Laslo Djere	30.4	1702.9		122	1611.9	41	1736.0	118	1574.1		1854.6	2023-09		95	0.07
103	Pablo Llamas Ruiz	22.9	1700.0		146	1586.4	85	1678.8	148	1541.2		1733.1	2023-08		211	-0.72
104	Zhizhen Zhang	28.9	1699.2		115	1625.3	62	1714.4	94	1600.6		1830.9	2024-09		464	-1.50
105	Hugo Gaston	25.1	1698.0		92	1676.9	107	1636.1	121	1573.2		1795.1	2021-11		94	0.11
106	Mackenzie Mcdonald	30.5	1697.7		95	1663.4	173	1545.1	89	1605.3		1847.6	2023-03		112	-0.06
107	Damir Dzumhur	33.4	1693.5		107	1639.1	83	1679.5	130	1560.1		1895.8	2017-09		65	0.50
108	Terence Atmane	23.8	1692.7		96	1662.6	132	1608.4	152	1536.3		1760.2	2025-09		62	0.55
109	Aleksandar Vukic	29.5	1691.9		100	1651.5	155	1574.5	92	1603.8		1773.3	2025-01		87	0.23
110	Lloyd Harris	28.6	1691.5		104	1644.0	154	1579.1	70	1642.7		1896.0	2021-10		220	-0.69
111	Roman Andres Burruchaga	23.7	1689.6		179	1538.1	88	1671.6	129	1560.5		1701.4	2025-11		104	0.07
112	Nikoloz Basilashvili	33.6	1688.7		101	1650.4	119	1618.3	76	1632.0		1889.8	2019-01		107	0.05
113	Otto Virtanen	24.4	1684.2		111	1633.4	199	1521.6	50	1679.6		1768.8	2024-03		124	-0.09
114	Sebastian Ofner	29.4	1680.4		141	1591.0	86	1678.7	81	1618.8		1812.7	2024-01		131	-0.14
115	Christopher Oconnell	31.3	1679.6		93	1673.4	126	1614.4	146	1543.9		1814.1	2025-03		114	0.01
116	Bu Yunchaokete	23.7	1675.4		110	1633.6	135	1604.4	212	1479.9		1834.9	2024-09		120	-0.03
117	Alexander Shevchenko	24.9	1675.0		119	1619.9	102	1641.9	211	1480.3		1792.0	2024-02		106	0.10
118	Nishesh Basavareddy	20.6	1673.4		99	1654.1	240	1469.2	167	1520.1		1856.6	2025-01		172	-0.38
119	Roberto Carballes Baena	32.5	1673.4		117	1623.7	95	1653.8	160	1526.5		1788.1	2024-07		128	-0.07
120	Dalibor Svrcina	23.0	1673.2		102	1647.0	148	1589.5	182	1505.6		1712.9	2025-04		93	0.25
121	Jerome Kym	22.6	1671.1		103	1644.4	137	1601.0	174	1513.2		1738.0	2024-10		181	-0.40
122	Nicolai Budkov Kjaer	19.2	1669.6		105	1641.5	134	1605.2	155	1534.5		1749.3	2025-10		135	-0.10
123	Juan Manuel Cerundolo	24.0	1669.1		153	1578.0	87	1673.2	258	1451.9		1774.8	2021-10		85	0.37
124	Mattia Bellucci	24.4	1668.3		113	1626.3	172	1547.2	88	1608.3		1814.3	2024-10		73	0.53
125	Arthur Fery	23.3	1665.4		114	1625.4	266	1442.7	197	1491.1		1715.7	2025-10		185	-0.39
126	Zsombor Piros	26.0	1664.3		135	1597.4	103	1641.7	137	1554.1		1731.0	2023-04		162	-0.25
127	Emilio Nava	23.9	1663.9		126	1607.7	130	1610.1	134	1555.7		1738.2	2025-09		88	0.37
128	Mark Lajal	22.5	1662.1		118	1621.9	195	1526.3	82	1618.7		1685.3	2025-07		149	-0.15
129	Vit Kopriva	28.4	1661.1		137	1595.2	98	1650.3	127	1564.1		1760.5	2025-05		101	0.24
130	Giulio Zeppieri	23.9	1659.5		112	1629.8	149	1589.1	98	1597.7		1691.2	2022-07		153	-0.16
131	Richard Gasquet	38.9	1659.2		120	1617.4	122	1617.5	96	1600.5		2059.5	2016-05		318	-0.89
132	Guy Den Ouden	23.4	1657.4		354	1368.3	93	1659.8	198	1489.1		1722.8	2025-08		158	-0.18
133	Tomas Barrios Vera	27.9	1656.6		178	1538.7	106	1640.2	99	1596.4		1710.3	2023-07		108	0.21
134	Sebastian Baez	24.8	1654.4		160	1563.5	92	1665.6	194	1493.7		1941.4	2022-07		43	1.14
135	Filip Misolic	24.2	1653.8		186	1528.8	73	1697.1	126	1564.6		1829.4	2025-07		79	0.54
136	Alex Molcan	27.9	1649.7		123	1611.1	115	1620.4	122	1569.5		1872.5	2022-07		202	-0.40
137	Jason Kubler	32.5	1649.2		136	1596.2	141	1595.6	58	1661.7		1790.0	2022-07		192	-0.34
138	Gilles Arnaud Bailly	20.0	1648.5		131	1604.5	161	1567.2	117	1574.2		1656.4	2025-10		205	-0.40
139	Nicolas Moreno De Alboran	27.8	1648.4		116	1624.8	153	1581.1	159	1527.6		1687.7	2024-11		696	-1.61
140	Quentin Halys	29.0	1645.9		132	1604.4	112	1629.6	91	1604.4		1811.4	2023-04		91	0.43
141	Andrea Vavassori	30.3	1644.8		129	1606.1	118	1619.1	173	1516.4		1734.8	2023-04		334	-0.86
142	Coleman Wong	21.4	1643.3		121	1613.1	252	1459.2	171	1518.1		1673.5	2025-09		150	-0.05
143	James Duckworth	33.8	1643.1		125	1608.5	181	1534.3	124	1568.5		1785.9	2021-11		86	0.51
144	Sho Shimabukuro	28.2	1641.7		130	1605.6	207	1512.7	106	1583.9		1692.5	2023-09		147	-0.02
145	Dusan Lajovic	35.3	1641.5		168	1555.7	105	1641.3	187	1498.3		1854.6	2018-10		125	0.15
146	Luca Nardi	22.2	1641.4		124	1609.1	145	1592.9	248	1456.8		1724.6	2024-04		105	0.33
147	Luka Mikrut	21.5	1641.3		257	1466.1	94	1657.8	166	1520.6		1735.4	2025-10		160	-0.08
148	Jan Choinski	29.4	1641.1		202	1512.6	100	1643.9	280	1436.5		1669.3	2025-11		123	0.19
149	Elmer Moller	22.3	1638.0		215	1502.5	123	1615.0	142	1548.1		1741.1	2025-04		119	0.22
150	Martin Landaluce	19.9	1637.5		127	1607.2	192	1527.1	83	1617.0		1741.8	2024-10		146	0.03
151	Aslan Karatsev	31.9	1633.5		138	1593.3	110	1631.9	189	1497.5		1964.6	2021-05		633	-1.43
152	Rinky Hijikata	24.7	1633.3		134	1598.7	236	1474.2	114	1577.0		1744.9	2025-01		111	0.31
153	Vilius Gaubas	20.8	1628.8		220	1498.1	133	1608.1	140	1553.1		1718.5	2025-05		129	0.17
154	Yosuke Watanuki	27.5	1627.5		142	1590.9	147	1590.6	113	1580.7		1798.2	2023-05		161	-0.04
155	Chris Rodesch	24.2	1627.4		161	1562.6	150	1585.8	108	1583.5		1648.9	2025-06		207	-0.29
156	Gustavo Heide	23.7	1627.1		239	1476.7	125	1614.5	208	1483.0		1661.1	2024-07		239	-0.43
157	Titouan Droguet	24.4	1626.6		169	1554.5	97	1652.5	132	1556.5		1722.4	2025-07		152	0.03
158	Toby Samuel	23.2	1626.1		128	1606.3	285	1423.0	172	1517.0		1626.1	2025-11		261	-0.50
159	Carlos Taberner	28.2	1625.8		269	1458.4	129	1612.4	272	1441.1		1725.0	2021-10		98	0.48
160	Shintaro Mochizuki	22.4	1625.6		167	1556.6	178	1539.3	72	1640.6		1714.9	2025-10		110	0.37
161	Francesco Passaro	24.8	1623.1		155	1574.6	128	1613.0	232	1467.9		1779.0	2022-08		140	0.14
162	Fabio Fognini	38.1	1622.9		158	1568.7	116	1620.0	136	1554.3		2003.8	2014-04			
163	Adam Walton	26.5	1622.1		143	1590.5	249	1463.2	210	1480.5		1747.1	2025-04		77	0.75
164	Daniel Evans	35.2	1621.1		147	1584.6	184	1532.8	87	1608.4		1902.5	2021-04		184	-0.12
165	Marco Trungelliti	35.7	1621.1		212	1504.6	113	1627.6	215	1478.4		1693.1	2018-07		130	0.24
166	Adolfo Daniel Vallejo	21.5	1620.0		304	1415.2	124	1614.8	131	1560.0		1620.0	2025-11		143	0.15
167	Harold Mayot	23.7	1619.3		148	1581.8	143	1593.7	164	1523.8		1701.9	2024-06		167	0
168	Borna Gojo	27.6	1618.1		140	1591.9	120	1618.0	282	1435.8		1800.2	2023-10		293	-0.56
169	Alex Bolt	32.8	1615.8		157	1569.6	342	1372.9	102	1593.3		1688.9	2019-03		169	0
170	Francesco Maestrelli	22.9	1614.6		144	1589.1	170	1553.1	254	1452.8		1711.4	2022-07		137	0.22
171	Alvaro Guillen Meza	22.8	1607.6		388	1344.3	140	1595.7	207	1483.8		1627.0	2025-11		193	-0.12
172	Daniil Glinka	25.4	1607.4		150	1580.5	169	1553.7	139	1553.7		1607.4	2025-11		196	-0.13
173	Ugo Blanchet	26.8	1607.2		149	1581.7	190	1528.2	209	1481.2		1662.1	2025-08		144	0.18
174	Emil Ruusuvuori	26.6	1606.1		154	1576.8	166	1558.3	116	1576.4		1893.2	2023-06		545	-1.14
175	Kyrian Jacquet	24.5	1606.0		151	1580.0	193	1526.8	161	1525.8		1735.1	2025-02		136	0.25
176	Pedro Martinez	28.5	1603.7		174	1546.3	136	1601.5	235	1463.3		1844.3	2022-04		96	0.61
177	Aleksandar Kovacevic	27.1	1600.6		152	1578.7	230	1481.4	219	1476.2		1758.8	2024-04		58	1.12
178	Luca Van Assche	21.5	1599.9		156	1574.3	167	1558.0	183	1504.8		1801.5	2023-04		164	0.08
179	Marko Topo	22.1	1594.6		165	1557.7	188	1530.1	180	1506.5		1663.9	2022-04		236	-0.28
180	Thiago Agustin Tirante	24.5	1594.2		163	1558.6	157	1574.3	203	1485.6		1707.7	2025-08		103	0.56
181	Matteo Gigante	23.7	1591.8		183	1533.6	138	1598.0	247	1457.1		1709.5	2025-05		148	0.20
182	Rei Sakamoto	19.4	1591.4		166	1556.7	272	1436.9	192	1495.7		1656.2	2025-07		200	-0.09
183	Facundo Bagnis	35.5	1590.7		201	1512.9	151	1583.8	417	1363.2		1737.0	2021-07		394	-0.77
184	Hugo Grenier	29.6	1589.3		164	1558.3	263	1446.2	214	1478.7		1734.0	2022-09		175	0.05
185	Lukas Klein	27.6	1588.7		203	1512.2	121	1617.7	141	1551.0		1777.5	2024-03		141	0.27
186	Hugo Dellien	32.3	1586.1		251	1469.2	160	1567.3	252	1453.8		1779.8	2022-05		138	0.30
187	Daniel Elahi Galan	29.2	1582.4		184	1533.2	171	1548.8	169	1518.2		1757.5	2022-09		155	0.19
188	Federico Coria	33.4	1580.0		246	1470.7	165	1558.5	348	1391.7		1754.4	2021-07		267	-0.35
189	Yi Zhou	20.6	1577.8		171	1552.3	334	1380.7	199	1488.9		1596.9	2025-10		248	-0.27
190	Jurij Rodionov	26.5	1576.4		175	1544.1	177	1539.4	184	1504.8		1702.1	2023-06		195	-0.03
191	Facundo Diaz Acosta	24.9	1576.4		214	1502.7	159	1569.6	296	1424.2		1791.9	2024-02		210	-0.09
192	Tristan Schoolkate	24.7	1575.8		185	1531.9	371	1350.9	120	1573.7		1703.1	2025-07		97	0.68
193	Cedrik Marcel Stebe	35.0	1574.7		172	1548.6	168	1554.0	222	1472.5		1824.7	2017-09		346	-0.58
194	Martin Damm	22.0	1574.4		170	1553.4	367	1354.5	100	1595.3		1767.9	1999-11		173	0.11
195	Maximilian Marterer	30.1	1574.4		191	1525.5	162	1563.9	179	1507.9		1815.1	2018-06		740	-1.33
196	Felipe Meligeni Alves	27.3	1574.0		248	1470.2	158	1569.8	144	1545.5		1695.3	2023-10		223	-0.13
197	Pierre Hugues Herbert	34.6	1573.8		162	1560.6	213	1504.8	151	1536.9		1867.9	2019-06		154	0.25
198	Michael Mmoh	27.8	1573.2		176	1543.7	219	1496.5	185	1503.4		1762.3	2017-02		285	-0.36
199	Colton Smith	22.6	1572.4		182	1533.8	231	1478.1	135	1555.1		1837.6	2025-06		145	0.32
200	Daniel Merida Aguilar	21.1	1570.8		219	1499.7	175	1544.1	204	1485.4		1669.8	2025-09		163	0.20
201	Henrique Rocha	21.6	1570.7		173	1546.9	180	1534.9	196	1491.2		1637.6	2024-09		157	0.25
202	Chun Hsin Tseng	24.2	1567.4		209	1505.2	152	1581.7	316	1411.9		1715.6	2022-04		121	0.51
203	Ilya Ivashka	31.4	1566.9		187	1528.7	146	1591.9	157	1530.9		1922.5	2021-09		791	-1.36
204	Constant Lestienne	33.1	1563.6		181	1534.7	276	1433.6	245	1457.5		1781.3	2023-01		405	-0.69
205	August Holmgren	27.4	1563.1		206	1507.7	287	1421.3	78	1621.8		1677.9	2021-09		191	0.07
206	Stefano Travaglia	33.8	1558.0		195	1520.9	187	1531.5	265	1446.0		1793.8	2021-02		189	0.09
207	Mikhail Kukushkin	37.8	1558.0		198	1517.7	186	1531.9	153	1536.2		1864.2	2010-10		313	-0.41
208	Albert Ramos	37.7	1557.7		197	1520.0	196	1526.1	297	1424.1		1889.0	2017-04		399	-0.65
209	Sumit Nagal	28.1	1556.9		189	1528.4	183	1533.5	317	1410.9		1745.2	2019-09		275	-0.27
210	Dan Added	26.5	1556.7		190	1526.6	335	1380.6	216	1478.3		1565.5	2025-11		199	0.05
211	Jack Pinnington Jones	22.5	1555.6		236	1478.7	279	1429.4	105	1585.2		1640.9	2025-07		201	0.05
212	Andrea Pellegrino	28.6	1552.4		356	1364.8	164	1558.6	339	1398.1		1644.1	2025-06		139	0.42
213	Liam Draxl	23.9	1551.9		194	1522.2	208	1511.7	279	1436.7		1699.6	2025-07		132	0.48
214	Zdenek Kolar	29.1	1551.4		262	1462.6	179	1538.7	223	1472.3		1621.1	2021-09		176	0.20
215	Thiago Monteiro	31.3	1550.8		192	1524.2	176	1539.5	239	1462.2		1748.2	2024-05		194	0.10
216	Pavel Kotov	26.9	1550.4		200	1515.5	182	1534.0	213	1479.2		1797.1	2024-05		480	-0.80
217	Alejandro Moro Canas	24.8	1548.3		196	1520.2	211	1506.1	190	1497.5		1673.5	2024-07		243	-0.11
218	Brandon Holt	27.5	1546.8		193	1522.3	360	1358.7	175	1512.0		1725.5	2025-02		109	0.69
219	Henri Squire	25.0	1543.9		249	1469.7	185	1532.6	369	1385.4		1670.0	2024-06		276	-0.23
220	Trevor Svajda	19.4	1543.6		205	1510.0	331	1381.8	226	1471.8		1625.4	2025-09		383	-0.55
221	Gonzalo Bueno	21.6	1542.3		419	1307.7	197	1526.0	227	1471.2		1602.2	2025-11		214	0.03
222	Bernard Tomic	33.0	1541.6		216	1500.3	254	1455.2	145	1545.5		1947.4	2015-03		187	0.17
223	Alexander Ritschard	31.6	1541.5		258	1465.7	163	1563.8	220	1476.1		1695.9	2024-07		496	-0.80
224	Federico Agustin Gomez	28.9	1540.4		188	1528.5	228	1482.5	217	1478.2		1668.6	2024-09		190	0.16
225	Juan Carlos Prado Angelo	20.7	1539.2		302	1416.8	198	1525.2	229	1469.6		1611.6	2025-10		208	0.08
226	Justin Engel	18.2	1538.4		210	1505.2	308	1399.7	188	1498.2		1607.8	2025-11		180	0.23
227	Moez Echargui	32.8	1536.6		204	1511.2	267	1442.6	231	1468.3		1647.0	2025-09		134	0.53
228	Yu Hsiou Hsu	26.6	1536.3		208	1506.6	309	1398.1	407	1369.6		1648.0	2023-11		219	0.04
229	Elias Ymer	29.6	1536.0		207	1507.2	216	1498.4	186	1501.8		1751.8	2015-06		171	0.29
230	Stefano Napolitano	30.6	1535.8		231	1487.6	201	1518.1	202	1486.7		1662.1	2024-05		448	-0.67
231	Dominic Stricker	23.1	1535.6		217	1500.0	222	1493.6	156	1531.3		1798.6	2021-06		362	-0.45
232	Billy Harris	30.8	1535.0		227	1491.2	291	1415.8	168	1519.8		1711.4	2024-06		127	0.60
233	George Loffhagen	24.5	1534.3		229	1489.3	340	1377.1	262	1449.4		1649.0	2025-07		209	0.11
234	Matej Dodig	20.3	1533.7		221	1497.1	244	1467.3	233	1466.9		1601.7	2024-09		231	0.01
235	Mitchell Krueger	31.8	1532.6		226	1492.7	221	1493.9	244	1459.5		1653.6	2022-04		203	0.15
236	Alexis Galarneau	26.6	1530.2		218	1500.0	290	1417.8	206	1484.0		1631.5	2024-04		213	0.10
237	Ricardas Berankis	35.1	1529.4		228	1490.1	191	1527.5	176	1510.6		1842.4	2011-02		418	-0.57
238	Thiago Seyboth Wild	25.5	1529.0		180	1535.1	210	1507.1	218	1476.6		1793.4	2024-05		216	0.10
239	Luka Pavlovic	25.6	1528.7		351	1369.7	204	1515.1	195	1492.2		1635.0	2025-07		217	0.10
240	Hyeon Chung	29.4	1526.4		213	1503.8	174	1544.7	305	1419.1		1991.8	2018-03		361	-0.41
241	Oliver Tarvet	22.0	1526.2		238	1478.5	206	1513.1	101	1594.6		1735.2	2025-08		331	-0.32
242	Duje Ajdukovic	24.7	1524.9		199	1517.4	215	1500.7	391	1376.4		1687.6	2024-09		329	-0.31
243	Alex Barrena	23.0	1524.7		369	1354.5	209	1511.5	238	1462.3		1596.1	2025-07		186	0.27
244	Norbert Gombos	35.2	1523.6		234	1482.4	203	1515.9	270	1443.3		1753.2	2020-11		296	-0.19
245	Christopher Eubanks	29.4	1523.4		225	1493.0	292	1414.6	163	1524.2		1864.8	2023-07		282	-0.14
246	Jay Dylan Hara Friend	21.8	1523.2		211	1505.2	349	1366.4	241	1461.6		1581.8	2025-10		499	-0.71
247	Juan Pablo Varillas	30.1	1523.0		323	1401.6	205	1514.4	353	1389.6		1730.0	2021-10		253	-0.02
248	Vitaliy Sachko	28.3	1520.1		247	1470.4	227	1485.8	325	1406.8		1643.5	2023-07		166	0.40
249	Joel Schwaerzler	19.7	1519.9		355	1368.2	212	1505.2	243	1459.9		1621.9	2024-05		254	-0.02
250	Gregoire Barrere	31.5	1517.8		223	1494.5	223	1490.7	170	1518.2		1804.5	2020-02		764	-1.12
251	Kimmer Coppejans	31.7	1516.8		256	1466.6	229	1482.3	271	1441.9		1697.0	2015-04		246	0.02
252	Stefanos Sakellaridis	21.1	1516.1		260	1462.9	200	1520.4	178	1508.1		1590.2	2025-10		280	-0.11
253	Marc Andrea Huesler	29.3	1514.9		230	1488.7	214	1504.2	225	1472.0		1817.0	2023-02		250	0.01
254	Alibek Kachmazov	23.0	1514.6		224	1493.9	301	1408.5	240	1461.7		1637.5	2025-04		365	-0.36
255	Beibit Zhukayev	25.0	1514.5		261	1462.9	355	1360.5	150	1539.3		1640.2	2023-11		277	-0.08
256	Sandro Kopp	25.4	1512.9		282	1440.8	232	1477.1	249	1456.4		1547.1	2025-11		299	-0.16
257	Li Tu	29.4	1511.5		265	1461.6	280	1428.1	158	1528.2		1633.5	2022-10		339	-0.28
258	Ilia Simakin	22.0	1508.4		235	1478.8	350	1364.2	251	1454.2		1616.5	2025-05		271	-0.05
259	Nicolas Mejia	25.7	1507.4		290	1431.9	194	1526.7	253	1453.7		1536.3	2021-07		168	0.43
260	Stefan Kozlov	27.8	1505.7		254	1467.0	242	1467.8	255	1452.8		1724.4	2022-02		287	-0.10
261	Marco Cecchinato	33.1	1505.2		310	1412.6	226	1486.2	334	1402.9		1838.6	2018-07		226	0.14
262	Petr Brunclik	19.3	1504.9		233	1484.5	303	1404.5	256	1452.4		1538.3	2025-11		306	-0.16
263	Clement Chidekh	24.4	1504.4		237	1478.7	352	1363.8	257	1452.2		1695.5	2024-03		252	0.04
264	Lukas Neumayer	23.1	1503.9		360	1362.7	217	1497.5	324	1407.5		1600.2	2025-06		230	0.14
265	Clement Tabur	25.8	1503.8		245	1472.0	268	1439.2	301	1421.4		1565.2	2025-06		206	0.25
266	Taro Daniel	32.7	1503.7		232	1484.7	241	1467.9	261	1449.5		1766.8	2023-04		370	-0.33
267	Jay Clarke	27.3	1502.3		242	1473.7	255	1455.2	398	1372.9		1617.4	2018-07		174	0.43
268	Ryan Peniston	30.0	1502.3		244	1472.5	321	1387.1	228	1470.6		1723.2	2022-06		218	0.21
269	Dhakshineswar Suresh	25.5	1501.1		253	1467.1	356	1360.5	259	1450.5		1616.6	2025-10		521	-0.66
270	Murphy Cassone	23.2	1497.4		240	1475.3	368	1352.8	286	1432.8		1684.9	2025-02		215	0.23
271	James Mccabe	22.3	1496.7		266	1461.2	408	1311.8	191	1497.4		1584.1	2025-03		188	0.37
272	Daniel Rincon	22.7	1495.0		177	1540.8	278	1430.8	430	1357.9		1613.8	2023-09		237	0.14
273	Pedro Cachin	30.1	1494.6		327	1396.9	218	1497.1	375	1383.9		1767.7	2023-07		686	-0.92
274	Manuel Guinard	29.3	1493.8		250	1469.3	264	1446.2	345	1392.7		1664.3	2022-03		728	-0.98
275	James Trotter	26.2	1492.4		259	1465.4	311	1395.4	298	1424.0		1658.1	2025-01		304	-0.10
276	Tristan Boyer	24.5	1492.0		222	1494.6	251	1459.6	308	1418.4		1753.1	2025-01		178	0.44
277	Calvin Hemery	30.7	1490.3		288	1436.9	224	1488.1	341	1397.3		1651.1	2015-06		260	0.06
278	Enzo Couacaud	30.5	1490.1		267	1460.9	235	1474.7	205	1484.1		1647.1	2020-02		677	-0.89
279	Nerman Fatic	31.0	1489.9		297	1424.8	234	1474.8	236	1463.2		1584.4	2023-07		222	0.23
280	Federico Cina	18.5	1489.0		268	1459.2	239	1471.8	268	1444.5		1644.2	2025-06		234	0.18
281	Jaime Faria	22.3	1488.2		278	1445.3	243	1467.7	181	1506.0		1692.5	2024-05		151	0.62
282	Timofey Skatov	24.8	1487.4		291	1431.7	225	1487.9	250	1455.7		1672.0	2024-07		235	0.18
283	Yasutaka Uchiyama	33.2	1486.5		273	1454.4	358	1359.4	288	1429.2		1727.5	2019-10		307	-0.08
284	Johannus Monday	23.8	1485.0		264	1461.7	369	1352.5	346	1392.7		1551.9	2025-02		233	0.20
285	Abedallah Shelbayh	21.9	1484.6		241	1475.0	338	1377.8	242	1460.0		1648.2	2024-02		291	-0.02
286	Javier Barranco Cosano	27.0	1482.5		295	1425.1	258	1453.8	267	1445.2		1581.0	2024-07		352	-0.21
287	Radu Albot	36.0	1481.3		272	1454.9	246	1465.7	177	1509.5		1823.4	2019-05		430	-0.40
288	Frederico Ferreira Silva	30.6	1481.0		275	1450.5	273	1436.9	237	1462.8		1642.4	2021-05		263	0.09
289	Andrea Collarini	33.7	1480.6		379	1349.3	248	1464.9	422	1360.7		1572.5	2019-09		242	0.18
290	Genaro Alberto Olivieri	27.2	1478.0		373	1352.1	250	1460.7	416	1363.9		1585.6	2023-07		228	0.24
291	Dennis Novak	32.1	1477.4		263	1461.8	253	1458.7	154	1534.8		1758.9	2019-11		534	-0.61
292	Inaki Montes De La Torre	23.0	1477.2		271	1455.5	333	1381.0	274	1438.6		1529.0	2025-02		409	-0.34
293	Maks Kasnikowski	22.3	1477.2		292	1430.1	220	1494.9	201	1488.6		1652.1	2024-06		419	-0.36
294	Tom Paris	23.1	1476.7		280	1442.2	316	1391.6	275	1438.3		1497.2	2025-11		268	0.09
295	Gianluca Cadenasso	21.1	1476.5		381	1348.3	256	1454.2	276	1438.3		1551.1	2025-11			
296	Max Hans Rehberg	21.6	1476.0		270	1457.7	314	1393.7	404	1370.9		1575.0	2025-02		558	-0.63
297	Kenta Miyoshi	21.6	1475.6		276	1446.7	375	1347.8	277	1437.8		1512.8	2025-11		634	-0.76
298	Michael Geerts	30.8	1474.8		252	1467.7	325	1385.3	380	1381.0		1540.6	2023-03		295	0.01
299	Remy Bertola	27.1	1473.9		274	1451.7	346	1367.7	278	1437.0		1498.9	2025-10		255	0.16
300	Andrej Martin	36.1	1473.0		345	1374.3	262	1446.8	444	1348.8		1674.7	2014-08		332	-0.10
301	Edas Butvilas	21.3	1472.9		243	1472.9	351	1364.1	304	1420.4		1672.0	2024-09		272	0.10
302	Jozef Kovalik	32.8	1472.8		301	1421.1	247	1465.6	396	1374.3		1721.8	2018-07		591	-0.67
303	Franco Agamenone	32.6	1472.7		365	1356.0	257	1454.2	414	1365.3		1707.6	2021-10		333	-0.09
304	Henry Bernet	18.8	1472.4		314	1408.1	270	1438.3	281	1436.2		1537.6	2025-11		510	-0.52
305	Kaichi Uchida	31.2	1467.8		279	1443.5	348	1367.3	263	1446.6		1571.8	2023-02		251	0.19
306	Hynek Barton	21.5	1467.1		299	1423.6	260	1448.7	284	1433.6		1544.9	2025-07		301	0.02
307	Gauthier Onclin	24.7	1466.7		305	1414.8	238	1472.7	283	1435.0		1591.3	2023-07		266	0.14
308	Dimitar Kuzmanov	32.2	1466.5		255	1466.7	288	1420.4	290	1428.1		1640.1	2021-05		262	0.16
309	Juan Pablo Ficovich	28.8	1466.4		289	1435.6	265	1443.6	269	1444.4		1597.4	2020-10		159	0.66
310	Eliakim Coulibaly	23.5	1465.5		283	1440.6	332	1381.6	287	1432.8		1537.1	2025-05		311	0
311	Hamish Stewart	26.3	1465.1		321	1403.2	378	1342.5	193	1493.8		1602.2	2025-08		337	-0.08
312	Gastao Elias	35.0	1462.9		287	1437.0	274	1435.5	383	1379.8		1737.5	2016-08		366	-0.16
313	Benjamin Hassan	30.7	1461.1		313	1410.2	245	1466.4	292	1427.3		1680.2	2023-10		259	0.19
314	Mats Rosenkranz	27.2	1458.6		281	1442.2	400	1322.8	337	1401.0		1503.3	2025-10		320	-0.02
315	Hayato Matsuoka	20.8	1458.2		286	1438.5	381	1339.1	289	1429.1		1532.2	2025-11		393	-0.22
316	Oriol Roca Batalla	32.1	1456.9		336	1383.4	277	1433.1	354	1389.6		1554.6	2024-06		411	-0.26
317	Oliver Crawford	26.5	1456.1		318	1406.2	322	1386.4	234	1466.2		1580.7	2023-10		198	0.47
318	Joao Lucas Reis Da Silva	25.6	1454.1		368	1355.6	261	1448.5	293	1427.1		1531.3	2025-11		204	0.44
319	Marat Sharipov	22.9	1453.2		284	1440.3	304	1402.9	294	1426.6		1613.9	2025-02		286	0.11
320	Antoine Ghibaudo	20.8	1453.0		306	1413.8	392	1330.4	200	1488.8		1518.9	2025-09		351	-0.09
321	Kilian Feldbausch	20.2	1452.5		416	1310.8	271	1437.2	295	1426.2		1499.1	2024-01		377	-0.16
322	Lorenzo Giustino	34.2	1449.0		285	1439.3	320	1387.6	467	1330.3		1643.8	2019-06		212	0.42
323	Dane Sweeny	24.7	1448.9		294	1425.6	433	1289.7	411	1368.2		1568.3	2024-02		183	0.57
324	Karue Sell	31.7	1446.2		307	1413.5	295	1411.8	299	1423.1		1529.3	2024-10		553	-0.53
325	Geoffrey Blancaneaux	27.2	1446.2		316	1406.4	269	1438.4	438	1351.1		1591.5	2023-05		256	0.24
326	Lautaro Midon	21.6	1446.1		312	1411.4	312	1394.9	300	1423.0		1498.4	2025-06		232	0.34
327	Ioannis Xilas	24.5	1445.6		293	1428.2	237	1472.8	221	1472.8		1652.3	2025-08		395	-0.19
328	Maxim Mrva	18.2	1444.4		277	1446.4	329	1384.2	224	1472.2		1619.4	2025-03		343	-0.04
329	Hady Habib	27.2	1442.2		322	1402.2	259	1450.7	264	1446.3		1624.9	2025-05		244	0.30
330	Sascha Gueymard Wayenburg	22.2	1442.1		320	1404.1	281	1426.7	367	1385.5		1563.9	2025-01		197	0.52
331	Facundo Mena	33.1	1441.6		370	1354.2	283	1424.2	368	1385.5		1616.9	2019-09		321	0.03
332	Aziz Dougaz	28.3	1438.8		309	1412.7	282	1425.7	351	1390.3		1555.3	2020-02		309	0.07
333	Darwin Blanch	18.1	1437.9		303	1415.3	405	1316.5	306	1418.9		1466.0	2025-11		297	0.11
334	Rio Noguchi	26.9	1437.0		325	1400.1	450	1266.1	397	1373.4		1516.0	2022-10		227	0.39
335	Murkel Alejandro Dellien Velasco	28.1	1436.7		339	1381.5	286	1422.0	342	1397.2		1602.5	2022-01		247	0.30
336	Harry Wendelken	23.9	1436.1		298	1424.5	396	1328.0	405	1370.7		1526.6	2025-10		312	0.07
337	Antoine Escoffier	33.6	1435.7		308	1413.4	458	1258.4	421	1360.8		1628.4	2023-03		423	-0.23
338	Nicolas Kicker	33.2	1435.1		350	1370.4	275	1435.1	412	1367.1		1706.2	2018-05		257	0.27
339	David Jorda Sanchis	31.4	1435.1		377	1350.5	296	1411.8	384	1378.7		1531.3	2023-07		389	-0.14
340	Stuart Parker	28.2	1434.0		311	1412.2	397	1327.0	473	1324.7		1524.1	2025-03		413	-0.19
341	Andre Ilagan	24.9	1433.7		315	1408.0	398	1326.8	310	1416.8		1524.7	2025-10		355	-0.04
342	Arthur Bouquier	24.8	1433.5		296	1425.0	425	1296.7	332	1404.2		1732.0	2025-03		225	0.42
343	Daniel Masur	30.8	1433.0		317	1406.4	310	1397.1	315	1412.0		1621.9	2021-03		518	-0.41
344	Mili Poljicak	21.1	1433.0		434	1277.6	289	1418.7	382	1380.6		1508.5	2025-05		388	-0.12
345	Jakub Paul	26.5	1430.8		344	1374.8	339	1377.3	313	1415.4		1506.3	2025-08		341	0.01
346	Yuta Shimizu	26.4	1428.7		328	1395.7	419	1300.4	303	1421.0		1590.8	2024-05		349	-0.01
347	Paul Jubb	25.7	1426.6		324	1401.3	382	1338.5	266	1445.6		1632.1	2022-03		376	-0.08
348	Mika Brunold	21.1	1426.4		335	1388.3	318	1390.2	314	1413.2		1510.9	2025-07		345	0.01
349	Ivan Gakhov	29.0	1425.1		406	1320.9	302	1404.9	374	1384.1		1659.6	2023-05		258	0.30
350	Bernabe Zapata Miralles	28.8	1421.5		346	1374.0	293	1414.0	291	1427.7		1779.9	2023-05		447	-0.24
351	Fajing Sun	29.0	1417.2		330	1392.5	470	1240.2	361	1387.6		1487.1	2025-07		274	0.25
352	Arthur Gea	20.8	1417.2		348	1371.9	299	1410.0	320	1408.6		1506.3	2025-06		241	0.38
353	Enrico Dalla Valle	27.6	1416.9		390	1335.3	300	1408.6	321	1408.4		1543.6	2024-07		503	-0.35
354	Adria Soriano Barrera	26.3	1416.6		319	1405.7	387	1336.1	322	1408.3		1429.0	2025-07		359	-0.01
355	Milos Karol	22.9	1416.4		363	1359.5	347	1367.7	323	1408.2		1457.6	2025-10		436	-0.21
356	Filip Cristian Jianu	24.1	1416.1		409	1319.9	306	1401.4	338	1399.3		1578.5	2019-09		278	0.25
357	Denis Yevseyev	32.5	1415.2		331	1391.1	323	1385.8	309	1417.5		1565.7	2024-01		382	-0.07
358	Alexey Vatutin	33.0	1415.2		338	1382.0	341	1373.8	402	1371.6		1637.3	2018-04		373	-0.04
359	Andres Martin	24.3	1414.7		334	1389.4	284	1423.7	246	1457.4		1603.6	2022-07		269	0.29
360	Tom Gentzsch	22.2	1413.4		372	1352.9	330	1384.2	326	1406.7		1502.7	2025-10		289	0.22
361	Mathys Erhard	24.0	1413.0		352	1369.1	326	1384.4	327	1406.5		1455.1	2025-11		328	0.10
362	Juan Bautista Torres	23.6	1412.9		418	1308.5	307	1400.6	328	1406.4		1586.6	2022-07		363	0
363	Matteo Martineau	26.7	1412.0		326	1398.4	376	1346.8	359	1388.2		1624.5	2024-02		319	0.13
364	Oleg Prihodko	28.1	1411.9		385	1345.3	328	1384.3	329	1406.0		1514.0	2021-12		435	-0.18
365	Dmitry Popko	29.0	1409.5		300	1423.5	365	1356.0	463	1335.0		1631.7	2020-01		221	0.50
366	Christoph Negritu	31.6	1408.8		364	1356.8	305	1402.5	331	1404.4		1540.2	2024-11		368	-0.01
367	Jacopo Vasami	17.6	1406.3		414	1313.2	317	1390.9	333	1403.2		1452.9	2025-06		662	-0.59
368	Viktor Durasovic	28.6	1405.9		329	1392.8	380	1340.4	448	1346.6		1494.2	2025-02		240	0.43
369	Andres Andrade	26.9	1404.1		389	1342.4	294	1413.9	335	1402.0		1584.8	2024-08		270	0.31
370	Hernan Casanova	31.7	1403.6		442	1268.1	324	1385.5	403	1371.0		1474.0	2022-09		367	0.01
371	Mae Malige	19.5	1402.1		337	1382.9	454	1261.7	336	1401.1		1435.8	2025-10		437	-0.16
372	Philip Henning	25.0	1400.7		342	1377.6	362	1357.9	260	1450.3		1559.8	2021-09		324	0.14
373	Federico Arnaboldi	25.4	1399.4		359	1364.0	372	1349.6	408	1369.2		1623.0	2024-08		380	-0.02
374	Alex Rybakov	28.7	1395.4		357	1364.5	361	1358.6	307	1418.8		1516.5	2022-07		279	0.29
375	Pedro Boscardin Dias	22.8	1395.4		474	1230.0	313	1393.8	340	1397.7		1444.6	2025-10		273	0.32
376	Philip Sekulic	22.2	1395.2		347	1372.5	442	1276.4	426	1359.5		1533.1	2024-07		519	-0.32
377	Giles Hussey	28.4	1391.4		353	1368.4	412	1305.7	431	1357.8		1487.3	2025-08		330	0.13
378	Matheus Pucinelli De Almeida	24.6	1390.3		449	1261.8	327	1384.4	343	1396.0		1650.0	2022-03		298	0.24
379	Tung Lin Wu	27.5	1386.3		367	1355.7	297	1411.2	437	1352.6		1605.0	2023-04		379	0
380	Samir Banerjee	22.1	1383.9		362	1361.0	416	1302.0	347	1392.0		1472.4	2025-09		364	0.04
381	Santiago Fa Rodriguez Taverna	26.3	1383.8		415	1312.6	336	1380.3	385	1378.6		1672.6	2022-01		224	0.53
382	Rodrigo Pacheco Mendez	20.5	1381.9		341	1379.8	377	1343.7	349	1391.0		1511.2	2025-06		229	0.51
383	Gabi Adrian Boitan	26.3	1381.9		376	1351.3	357	1359.9	273	1441.0		1488.6	2022-03		323	0.17
384	Henry Searle	19.5	1381.1		382	1347.4	409	1308.6	413	1366.9		1474.6	2025-06		353	0.08
385	Jacopo Berrettini	26.8	1380.0		412	1314.2	343	1372.3	352	1390.0		1592.3	2024-05		300	0.25
386	Max Houkes	25.3	1378.8		439	1269.8	344	1370.6	433	1355.5		1481.3	2025-03		245	0.45
387	Robin Bertrand	22.6	1378.4		374	1351.9	429	1292.0	356	1389.2		1540.9	2024-07		302	0.25
388	Jie Cui	27.7	1377.0		378	1350.3	465	1246.4	358	1388.5		1491.5	2025-05		325	0.18
389	Edward Winter	21.1	1376.3		397	1330.2	422	1298.1	312	1415.7		1440.2	2025-10		494	-0.24
390	Charles Broom	27.5	1376.1		386	1345.3	423	1298.1	350	1390.5		1536.4	2024-06		315	0.21
391	Mees Rottgering	18.3	1375.8		383	1346.0	315	1392.7	302	1421.3		1486.4	2025-02		623	-0.47
392	Nikolas Sanchez Izquierdo	26.6	1375.7		469	1238.7	353	1361.7	360	1387.8		1517.8	2022-06		305	0.25
393	Govind Nanda	24.4	1374.0		375	1351.5	417	1301.6	363	1387.0		1501.0	2022-09		551	-0.34
394	Alfredo Perez	28.4	1371.6		393	1333.4	337	1379.7	365	1385.8		1451.2	2025-10		336	0.16
395	Garrett Johns	24.9	1371.3		361	1361.3	439	1283.2	366	1385.6		1534.5	2025-08		292	0.30
396	Benoit Paire	36.3	1370.9		384	1345.8	319	1389.9	311	1416.5		1909.0	2013-05		862	-0.78
397	Cezar Cretu	24.5	1370.7		349	1370.8	384	1338.2	370	1385.3		1526.0	2024-09		381	0.04
398	Nicolas Alvarez Varona	24.3	1370.4		332	1390.5	407	1314.4	371	1385.2		1526.2	2022-11		360	0.10
399	Giovanni Fonio	27.3	1369.2		340	1380.3	393	1329.5	372	1384.6		1566.9	2023-02		455	-0.13
400	Petr Bar Biryukov	23.7	1368.9		380	1348.4	426	1294.5	373	1384.5		1488.1	2025-10		326	0.20
401	Patrick Zahraj	26.3	1367.5		333	1389.6	457	1259.1	344	1394.2		1596.7	2025-03		264	0.42
402	Daniel Michalski	25.8	1366.0		343	1375.3	379	1341.2	285	1433.0		1590.8	2020-02		249	0.48
403	Eduardo Ribeiro	27.6	1363.4		451	1260.2	364	1356.2	377	1381.7		1446.1	2023-06		462	-0.14
404	Stefan Dostanic	23.8	1363.3		391	1335.0	430	1291.6	378	1381.6		1383.6	2025-08		588	-0.38
405	Adrian Andreev	24.5	1363.0		396	1330.3	345	1370.4	475	1321.5		1642.9	2023-01		1020	-0.92
406	Luca Potenza	25.3	1362.9		398	1327.7	389	1335.8	379	1381.4		1470.3	2022-06		369	0.10
407	Rudolf Molleker	25.0	1362.7		408	1320.1	354	1361.0	439	1350.7		1712.9	2019-06		392	0.04
408	Aidan Mayo	22.2	1361.9		371	1353.1	448	1270.6	362	1387.1		1541.1	2024-11		617	-0.41
409	Raul Brancaccio	28.4	1361.8		392	1333.6	366	1355.0	441	1350.4		1644.9	2023-01		384	0.06
410	Pedro Sakamoto	32.3	1361.7		425	1297.9	370	1351.2	381	1380.9		1495.6	2019-05		378	0.08
411	Maximilian Neuchrist	34.1	1360.8		404	1323.5	390	1334.1	443	1349.9		1549.9	2023-04		542	-0.28
412	Khumoun Sultanov	26.9	1356.8		387	1344.5	449	1266.5	357	1389.1		1553.9	2025-02			
413	Tsung Hao Huang	25.9	1356.1		395	1330.4	434	1288.1	387	1378.1		1406.7	2023-10		483	-0.16
414	Maximus Jones	21.1	1354.7		394	1332.1	402	1319.8	388	1377.3		1524.4	2025-04		354	0.16
415	Gabriele Piraino	22.0	1354.0		452	1258.8	391	1333.0	389	1377.0		1381.9	2024-07		342	0.19
416	Pol Martin Tiffon	26.3	1353.9		421	1304.5	374	1348.8	451	1344.2		1512.6	2025-03		375	0.10
417	Blake Ellis	26.8	1353.6		400	1326.8	435	1286.8	390	1376.8		1490.7	2018-02		509	-0.20
418	Michael Vrbensky	25.8	1352.5		405	1321.4	399	1326.8	392	1376.2		1576.5	2021-07		587	-0.34
419	Diego Dedura Palomero	17.7	1352.0		473	1234.4	363	1356.3	393	1376.0		1419.0	2025-09		348	0.19
420	Kaylan Bigun	19.4	1350.8		411	1319.1	444	1275.3	394	1375.4		1423.0	2025-08		715	-0.53
421	Daniel Dutra Da Silva	37.3	1349.8		455	1257.4	385	1337.2	420	1361.0		1519.5	2009-02		338	0.22
422	Tyler Zink	24.7	1349.3		401	1324.9	451	1263.0	355	1389.5		1473.9	2025-10		294	0.36
423	Buvaysar Gadamauri	25.3	1349.2		399	1327.1	428	1292.7	395	1374.6		1367.7	2025-11		438	-0.03
424	Carlo Alberto Caniato	20.0	1345.7		435	1277.6	373	1349.5	399	1372.9		1451.2	2025-09			
425	Hiroki Moriya	35.1	1345.4		413	1313.8	463	1251.2	442	1350.0		1584.0	2012-12		502	-0.17
426	Neil Oberleitner	26.2	1345.2		410	1319.3	438	1284.6	400	1372.6		1378.0	2024-07		427	0
427	Ergi Kirkin	26.6	1343.6		403	1323.7	394	1328.9	429	1358.8		1516.7	2022-05		549	-0.25
428	Matias Soto	26.5	1338.0		432	1280.9	383	1338.5	409	1369.0		1461.2	2025-03		390	0.09
429	Robert Strombachs	26.0	1336.7		366	1355.9	441	1277.0	410	1368.4		1479.9	2025-05		402	0.07
430	Jelle Sels	30.2	1336.6		358	1364.4	420	1299.6	495	1264.6		1640.8	2022-11		335	0.25
431	Miguel Tobon	19.4	1335.3		402	1324.4	403	1318.0	386	1378.6		1600.3	1995-09		593	-0.32
432	Maxime Janvier	29.0	1333.7		423	1302.3	421	1299.0	415	1365.1		1601.5	2019-09		529	-0.20
433	Dan Martin	26.5	1330.4		430	1293.6	414	1303.4	460	1337.4		1374.1	2025-11		421	0.03
434	Omar Jasika	28.5	1329.0		417	1309.0	455	1261.5	496	1259.1		1669.1	2017-02		327	0.28
435	Andrea Picchione	27.2	1324.4		443	1266.5	413	1305.2	418	1362.2		1366.1	2024-04		397	0.09
436	Franco Roncadelli	25.7	1323.8		478	1226.5	404	1317.7	419	1361.9		1399.7	2025-06		350	0.22
437	Patrick Maloney	25.6	1320.7		437	1273.3	401	1322.0	406	1370.7		1467.5	2025-07		356	0.21
438	Cannon Kingsley	24.5	1320.0		420	1304.7	466	1244.8	423	1360.0		1468.0	2023-09		537	-0.20
439	Aleksandre Bakshi	28.3	1320.0		428	1295.3	298	1410.0	318	1410.0		1613.0	2024-07		546	-0.22
440	Florent Bax	26.2	1319.7		431	1292.0	418	1301.3	425	1359.9		1449.1	2025-04		281	0.45
441	Sergey Fomin	24.8	1319.7		438	1270.1	359	1359.2	424	1359.9		1386.4	2024-07		340	0.26
442	Renta Tokuda	27.6	1318.5		427	1295.5	479	1220.5	427	1359.2		1380.8	2018-05		322	0.32
443	Eero Vasa	28.8	1318.2		407	1320.5	443	1275.6	319	1409.1		1415.6	2016-03		489	-0.10
444	Corentin Denolly	28.3	1317.9		441	1268.4	440	1277.9	449	1345.6		1455.6	2025-03		386	0.14
445	Guido Ivan Justo	27.9	1317.8		465	1244.5	410	1307.6	428	1358.9		1342.6	2025-11		374	0.17
446	Renzo Olivo	33.2	1317.5		426	1296.5	427	1292.8	466	1330.5		1643.4	2015-02		513	-0.14
447	Gonzalo Villanueva	30.8	1315.2		481	1220.9	424	1297.8	432	1357.6		1454.7	2022-05		344	0.26
448	Luciano Emanuel Ambrogi	21.9	1310.6		483	1206.4	411	1306.8	434	1355.3		1410.3	2024-09		434	0.03
449	Lukas Pokorny	23.2	1310.5		424	1300.8	452	1262.6	435	1355.3		1435.5	2025-05		473	-0.05
450	Juan Manuel La Serna	21.8	1309.5		429	1295.2	436	1286.6	436	1354.7		1340.2	2025-11		433	0.04
451	Olaf Pieczkowski	21.6	1309.2		422	1304.3	406	1314.8	330	1404.6		1621.0	2023-11		456	-0.01
452	Mateus Alves	24.8	1301.4		490	1180.4	415	1302.9	440	1350.7		1422.1	2024-11		460	-0.02
453	Miguel Damas	25.9	1296.8		457	1254.5	446	1274.9	445	1348.4		1321.7	2025-11		317	0.36
454	Max Alcala Gurri	23.1	1295.7		464	1245.1	445	1275.3	446	1347.9		1332.3	2022-04		385	0.16
455	Daniel Milavsky	24.1	1295.2		436	1275.4	459	1257.6	470	1328.4		1383.0	2025-11		401	0.13
456	Masamichi Imamura	27.0	1293.3		447	1263.0	460	1256.7	447	1346.7		1394.5	2024-11		535	-0.16
457	Yusuke Takahashi	28.0	1288.9		444	1264.7	447	1273.0	450	1344.4		1451.5	2018-01		453	0.01
458	Marek Gengel	30.1	1286.2		448	1262.9	485	1197.9	484	1302.7		1505.8	2023-01		415	0.10
459	Karan Singh	22.4	1285.7		462	1248.8	431	1289.8	452	1342.9		1339.8	2025-02		466	-0.02
460	Dali Blanch	22.7	1285.4		491	1172.1	386	1336.3	453	1342.7		1464.6	2025-08		451	0.02
461	Naoki Nakagawa	28.7	1284.8		440	1268.7	494	1146.6	454	1342.4		1327.7	2024-09		707	-0.43
462	Christian Langmo	29.4	1283.7		458	1252.3	493	1160.4	455	1341.8		1411.8	2023-04		358	0.26
463	Carlos Sanchez Jover	25.3	1280.9		479	1224.4	456	1261.0	456	1340.5		1440.5	2023-09		316	0.38
464	Max Wiskandt	23.7	1278.4		470	1238.5	437	1284.8	481	1312.0		1454.0	2025-04		442	0.05
465	Alexandr Binda	24.1	1277.6		454	1258.1	464	1248.8	457	1338.8		1450.9	2025-07		445	0.04
466	Conner Huertas Del Pino	29.5	1275.6		433	1280.3	467	1244.5	458	1337.8		1354.2	2025-04		729	-0.45
467	Olle Wallin	24.0	1275.2		471	1237.1	432	1289.8	459	1337.6		1488.2	2025-07		443	0.05
468	Tiago Pereira	21.4	1274.1		450	1260.7	453	1262.5	461	1337.1		1406.9	2025-08		265	0.57
469	Blaise Bicknell	23.9	1272.5		453	1258.2	462	1252.9	364	1386.2		1587.2	2024-02		486	-0.04
470	Aryan Shah	19.9	1270.5		445	1264.4	468	1243.7	462	1335.3		1524.6	2025-07		398	0.17
471	Vadym Ursu	28.8	1268.0		459	1249.9	486	1190.2	480	1312.9		1281.3	2025-11		428	0.10
472	Aristotelis Thanos	24.6	1267.4		456	1254.6	395	1328.2	376	1383.7		1576.3	2025-02		493	-0.04
473	Lucas Poullain	29.8	1265.4		463	1246.4	475	1229.9	464	1332.7		1590.8	2023-10		404	0.16
474	Juan Alejandro Hernandez Serrano	26.4	1259.6		461	1249.3	480	1215.0	468	1329.8		1300.9	2025-06		410	0.15
475	Taha Baadi	24.3	1259.1		460	1249.7	472	1235.9	491	1293.8		1300.1	2025-09		573	-0.19
476	Pedro Araujo	23.6	1257.4		468	1240.1	482	1206.6	469	1328.7		1307.5	2025-01		692	-0.37
477	Roberto Cid	32.0	1254.2		446	1263.4	478	1221.8	465	1331.5		1621.4	2018-06		432	0.10
478	Andrew Fenty	25.6	1252.5		475	1229.6	471	1236.2	471	1326.2		1296.1	2025-10		458	0.04
479	Maxime Chazal	32.3	1252.4		493	1171.7	469	1241.3	472	1326.2		1382.8	2015-09		580	-0.19
480	San Hui Sin	28.6	1249.1		472	1236.8	473	1234.6	474	1324.6		1314.1	2025-08		357	0.30
481	Kasidit Samrej	24.8	1243.6		480	1220.9	388	1336.0	401	1371.8		1424.3	2019-04		416	0.15
482	Saba Purtseladze	24.2	1242.3		476	1229.5	488	1177.0	486	1299.2		1466.8	2025-05		284	0.53
483	Kokoro Isomura	22.8	1238.0		482	1210.4	476	1229.0	476	1319.0		1428.8	2024-11		548	-0.13
484	Pierluigi Basile	18.8	1237.0		487	1188.6	461	1256.2	477	1318.5		1426.9	2025-06		698	-0.37
485	Mariano Kestelboim	29.7	1234.5		486	1188.7	477	1225.3	478	1317.2		1312.1	2025-06		407	0.18
486	Karl Poling	26.3	1232.7		466	1242.0	483	1201.2	492	1274.7		1280.8	2025-11		602	-0.21
487	Federico Bondioli	20.5	1227.7		489	1182.9	474	1231.6	479	1313.9		1422.6	2025-06		439	0.10
488	Dominik Kellovsky	29.3	1218.7		477	1229.5	492	1162.8	482	1309.4		1297.2	2017-07		565	-0.15
489	Bruno Kuzuhara	21.6	1215.5		485	1195.0	487	1184.9	483	1307.7		1335.1	2024-07		531	-0.08
490	Moerani Bouzige	26.3	1199.5		492	1171.9	481	1209.8	485	1299.8		1416.7	2024-12		485	0.01
491	Alex Marti Pujolras	26.5	1197.4		467	1240.2	489	1172.4	487	1298.7		1359.7	2023-04		505	-0.03
492	Lorenzo Carboni	19.6	1195.3		494	1155.0	484	1198.6	488	1297.7		1325.2	2023-08		425	0.15
493	Leo Borg	22.5	1189.8		488	1183.9	497	1137.6	489	1294.9		1211.0	2025-10		533	-0.08
494	Sebastian Gima	23.5	1188.7		484	1204.4	490	1167.1	490	1294.4		1251.0	2025-08		536	-0.08
495	Matthew Dellavedova	25.4	1149.2		496	1137.8	496	1137.8	493	1274.6		1201.5	2024-01		517	-0.04
496	Lorenzo Joaquin Rodriguez	26.1	1148.6		495	1150.5	495	1142.0	494	1274.3		1362.4	2024-04		446	0.11
497	Juan Carlos Aguilar	27.0	1112.1		498	1068.9	491	1165.7	497	1256.0		1243.9	2025-01		609	-0.20
498	Tristan Mccormick	26.6	1109.8		497	1131.3	498	1096.3	498	1224.4		1286.0	2023-06		500	0
