Elo Rank	Player	Age	Elo	    	hElo Rank	hElo	cElo Rank	cElo	gElo Rank	gElo	    	Peak Elo	Peak Month	    	WTA Rank	Log diff
1	Aryna Sabalenka	27.1	2192.0		1	2138.7	1	2115.3	1	1956.1		2214.1	2025-05		1	0
2	Iga Swiatek	23.9	2133.0		2	2088.3	3	2065.8	3	1860.0		2291.0	2024-07		8	-1.39
3	Coco Gauff	21.2	2132.4		3	2059.7	2	2073.7	2	1889.0		2155.7	2024-01		2	0.41
4	Mirra Andreeva	18.1	2061.9		4	2059.0	5	1958.2	20	1754.7		2159.2	2025-03		7	-0.56
5	Qinwen Zheng	22.6	2053.8		5	1993.9	4	1995.1	24	1743.4		2098.3	2024-11		5	0
6	Madison Keys	30.3	2008.3		8	1954.5	9	1917.2	7	1809.7		2090.1	2016-08		6	0
7	Jasmine Paolini	29.4	2007.6		9	1929.5	6	1940.9	8	1808.3		2034.9	2025-05		4	0.56
8	Elina Svitolina	30.7	2006.3		10	1925.5	7	1934.1	10	1806.6		2120.6	2018-05		14	-0.56
9	Elena Rybakina	25.9	2004.8		7	1956.0	8	1927.3	4	1842.2		2155.6	2024-04		11	-0.20
10	Jessica Pegula	31.3	1992.2		6	1969.1	10	1858.4	11	1789.9		2094.9	2024-01		3	1.20
11	Paula Badosa	27.5	1941.9		12	1897.1	11	1842.2	12	1777.1		2078.1	2022-01		9	0.20
12	Amanda Anisimova	23.7	1935.9		13	1896.1	22	1805.1	15	1769.5		2013.4	2022-08		13	-0.08
13	Elise Mertens	29.5	1933.3		15	1870.4	13	1840.2	17	1769.1		2042.7	2021-04		24	-0.61
14	Marketa Vondrousova	25.9	1932.6		26	1826.6	23	1800.8	5	1829.6		2062.5	2023-08		73	-1.65
15	Karolina Muchova	28.7	1930.2		11	1913.6	27	1788.4	28	1723.1		2029.1	2023-08		15	0
16	Ekaterina Alexandrova	30.5	1928.3		17	1853.3	14	1828.9	9	1807.7		1977.2	2020-02		18	-0.12
17	Belinda Bencic	28.1	1916.7		14	1881.8	40	1755.4	35	1708.3		2100.0	2015-09		37	-0.78
18	Emma Raducanu	22.5	1913.3		21	1850.3	24	1800.5	23	1745.0		1998.0	2021-08		38	-0.75
19	Jelena Ostapenko	27.9	1900.0		25	1827.6	12	1841.8	6	1814.7		2029.5	2017-10		20	-0.05
20	Liudmila Samsonova	26.5	1899.2		24	1833.9	21	1805.9	16	1769.2		1984.3	2023-10		19	0.05
21	Marta Kostyuk	22.9	1895.3		19	1852.3	19	1816.1	43	1686.0		1986.1	2024-04		26	-0.21
22	Diana Shnaider	21.2	1890.6		29	1819.8	17	1820.0	13	1776.3		1976.1	2024-08		12	0.61
23	Peyton Stearns	23.6	1889.9		37	1800.2	16	1824.4	80	1597.6		1925.1	2025-05		35	-0.42
24	Mccartney Kessler	25.9	1886.1		16	1863.3	97	1636.8	14	1770.5		1933.3	2025-03		32	-0.29
25	Sofia Kenin	26.5	1878.6		33	1812.9	28	1786.1	36	1708.1		2057.0	2020-02		28	-0.11
26	Danielle Collins	31.4	1878.5		35	1808.6	15	1825.8	46	1679.0		2061.1	2024-05		52	-0.69
27	Emma Navarro	24.0	1876.6		18	1852.8	31	1780.9	22	1749.0		2002.7	2024-08		10	0.99
28	Clara Tauson	22.4	1875.8		20	1851.2	37	1766.4	67	1632.2		1934.9	2022-01		23	0.20
29	Victoria Azarenka	35.8	1873.3		22	1836.4	35	1768.3	30	1720.1		2312.3	2013-03		105	-1.29
30	Anastasia Potapova	24.2	1871.1		34	1810.8	20	1811.1	44	1682.3		1920.5	2023-06		44	-0.38
31	Naomi Osaka	27.6	1864.4		27	1822.2	34	1769.4	53	1664.3		2193.3	2021-03		56	-0.59
32	Olga Danilovic	24.3	1864.0		51	1756.7	18	1818.6	71	1625.2		1883.7	2025-05		39	-0.20
33	Daria Kasatkina	28.1	1857.4		31	1813.9	26	1795.0	21	1750.7		2036.5	2018-03		16	0.72
34	Katie Boulter	28.8	1855.8		32	1813.7	52	1732.8	18	1763.4		1894.3	2024-03		41	-0.19
35	Caroline Wozniacki	34.1	1844.9		36	1805.1	56	1727.8	25	1737.0		2255.1	2011-04		138	-1.37
36	Linda Noskova	20.5	1844.7		23	1834.1	64	1710.0	65	1643.7		1946.1	2025-02		30	0.18
37	Anastasia Pavlyuchenkova	33.8	1843.7		28	1820.1	43	1745.6	64	1644.6		2058.1	2011-05		53	-0.36
38	Magda Linette	33.3	1843.7		43	1781.5	33	1772.0	51	1670.2		1866.6	2023-02		27	0.34
39	Ons Jabeur	30.8	1842.9		39	1793.5	39	1757.4	27	1735.9		2110.5	2022-06		59	-0.41
40	Veronika Kudermetova	28.1	1840.4		44	1781.1	36	1766.7	26	1736.3		1981.1	2023-05		43	-0.07
41	Ashlyn Krueger	21.1	1839.7		30	1818.5	68	1706.0	54	1662.4		1896.7	2025-02		31	0.28
42	Lois Boisson	22.0	1839.4		168	1563.3	25	1795.1	84	1594.7		1846.4	2025-05		65	-0.44
43	Tereza Valentova	18.2	1837.2		45	1778.5	29	1782.7	86	1593.6		1837.2	2025-06		118	-1.01
44	Dayana Yastremska	25.0	1835.0		47	1769.3	44	1745.5	38	1700.4		1978.4	2019-02		42	0.05
45	Anna Kalinskaya	26.5	1834.4		41	1791.0	58	1724.5	33	1710.7		1948.6	2024-04		40	0.12
46	Yulia Putintseva	30.4	1830.2		42	1783.3	38	1764.2	39	1699.1		1933.4	2025-01		34	0.30
47	Victoria Mboko	18.7	1827.7		56	1742.4	48	1740.5	91	1588.9		1827.7	2025-05		96	-0.71
48	Maria Sakkari	29.8	1824.6		38	1798.1	30	1782.2	66	1643.3		2067.5	2022-03		85	-0.57
49	Xin Yu Wang	23.7	1819.8		57	1739.2	80	1680.6	19	1760.5		1834.8	2024-07		33	0.40
50	Elena Gabriela Ruse	27.5	1818.0		53	1753.9	55	1728.1	31	1716.1		1845.7	2022-02		57	-0.13
51	Marie Bouzkova	26.8	1815.0		48	1769.0	41	1748.8	56	1658.9		1958.3	2022-10		47	0.08
52	Sorana Cirstea	35.0	1810.7		40	1792.5	66	1706.5	70	1628.9		1928.2	2009-08		169	-1.18
53	Donna Vekic	28.9	1809.9		50	1760.6	46	1742.9	32	1713.7		1947.0	2019-08		22	0.88
54	Rebeka Masarova	25.8	1801.8		70	1716.4	53	1732.5	50	1673.4		1817.5	2023-04		99	-0.61
55	Rebecca Sramkova	28.6	1799.1		55	1747.1	82	1678.6	63	1645.7		1821.7	2024-11		36	0.42
56	Iva Jovic	17.5	1795.0		97	1658.6	81	1680.2	29	1720.6		1795.0	2025-06		89	-0.46
57	Katerina Siniakova	29.1	1794.3		49	1761.1	76	1689.6	34	1708.4		1950.5	2017-01		78	-0.31
58	Sara Bejlek	19.3	1792.9		102	1651.5	32	1777.2	150	1507.0		1792.9	2025-06		116	-0.69
59	Jaqueline Cristian	27.0	1792.3		58	1737.1	51	1735.3	164	1492.2		1816.5	2025-05		50	0.17
60	Caroline Garcia	31.6	1788.4		52	1753.9	47	1742.5	37	1707.6		2044.8	2017-10		166	-1.02
61	Kaja Juvan	24.5	1787.4		80	1690.8	42	1746.3	42	1694.2		1825.6	2022-05		242	-1.38
62	Leylah Fernandez	22.7	1786.1		46	1775.1	85	1665.9	49	1675.9		1977.3	2022-03		29	0.76
63	Bianca Andreescu	24.9	1785.4		54	1749.5	71	1695.4	57	1655.4		2157.5	2019-09		147	-0.85
64	Camila Osorio	23.4	1778.5		62	1726.8	59	1724.1	59	1648.8		1852.0	2023-06		55	0.15
65	Magdalena Frech	27.5	1778.1		64	1725.4	69	1700.8	72	1624.8		1846.4	2024-10		25	0.96
66	Hailey Baptiste	23.6	1776.7		71	1715.6	65	1710.0	107	1549.5		1799.0	2025-05		54	0.20
67	Beatriz Haddad Maia	29.0	1773.7		65	1721.3	49	1735.9	48	1676.1		1945.0	2022-08		21	1.16
68	Maya Joint	19.1	1773.4		69	1716.6	50	1735.4	108	1548.9		1817.8	2025-05		51	0.29
69	Jessica Bouzas Maneiro	22.6	1772.6		94	1667.6	61	1722.7	68	1630.0		1797.8	2024-04		60	0.14
70	Sonay Kartal	23.6	1770.3		63	1725.6	160	1550.5	55	1659.9		1828.1	2024-10		49	0.36
71	Barbora Krejcikova	29.4	1767.3		60	1730.8	98	1634.9	45	1680.1		2054.4	2021-08		17	1.43
72	Moyuka Uchijima	23.7	1765.7		79	1696.9	63	1711.8	120	1537.1		1822.8	2025-04		72	0
73	Anastasija Sevastova	35.1	1761.3		77	1701.0	57	1725.4	58	1650.2		1998.3	2018-10		402	-1.71
74	Ajla Tomljanovic	32.1	1760.1		74	1706.1	74	1690.9	40	1697.1		1907.7	2022-08		80	-0.08
75	Greet Minnen	27.8	1759.1		76	1703.2	104	1619.3	41	1697.1		1795.8	2020-02		70	0.07
76	Elina Avanesyan	22.6	1758.2		61	1730.3	75	1690.6	69	1629.5		1835.3	2024-08		48	0.46
77	Eva Lys	23.4	1757.7		72	1708.5	73	1691.7	97	1579.8		1799.5	2025-03		62	0.22
78	Taylor Townsend	29.1	1755.3		59	1732.1	79	1683.7	126	1527.9		1840.9	2024-04		98	-0.23
79	Anna Blinkova	26.7	1746.8		66	1718.8	95	1641.7	73	1623.8		1830.2	2019-10		69	0.14
80	Ann Li	24.9	1744.7		89	1670.8	70	1698.3	127	1527.9		1894.4	2021-03		64	0.22
81	Lesia Tsurenko	35.4	1744.4		73	1706.8	72	1693.0	52	1667.1		1916.2	2019-01		290	-1.28
82	Viktorija Golubic	32.6	1741.7		67	1718.5	124	1596.6	60	1648.2		1836.2	2021-07		79	0.04
83	Irina Camelia Begu	34.7	1741.0		87	1672.1	62	1720.8	96	1584.0		1931.2	2016-05		117	-0.34
84	Mayar Sherif	29.0	1737.8		172	1557.7	54	1730.4	105	1551.0		1863.6	2023-06		86	-0.02
85	Anca Alexia Todoni	20.6	1735.3		137	1600.1	45	1744.1	89	1590.7		1785.1	2025-01		90	-0.06
86	Caroline Dolehide	26.7	1733.4		83	1684.6	88	1657.2	147	1512.8		1747.7	2025-05		66	0.26
87	Suzan Lamens	25.9	1732.8		82	1690.2	111	1608.4	128	1527.9		1795.2	2025-04		68	0.25
88	Bernarda Pera	30.5	1727.9		86	1673.3	77	1688.8	74	1611.2		1843.1	2022-08		84	0.05
89	Sloane Stephens	31.9	1725.2		96	1659.5	60	1722.8	75	1610.4		2028.2	2017-08		478	-1.68
90	Kimberly Birrell	27.1	1719.7		68	1718.1	192	1510.9	95	1584.3		1804.5	2025-03		77	0.16
91	Anna Bondar	28.0	1717.1		132	1604.6	67	1706.5	184	1476.1		1786.6	2022-05		75	0.19
92	Antonia Ruzic	22.4	1716.2		75	1703.4	141	1568.4	83	1596.4		1785.8	2025-03		91	0.01
93	Yafan Wang	30.7	1716.1		78	1698.3	163	1544.9	111	1546.2		1853.2	2019-03		128	-0.32
94	Anhelina Kalinina	28.3	1715.7		85	1674.8	78	1687.7	88	1591.1		1890.8	2022-06		107	-0.13
95	Aliaksandra Sasnovich	31.2	1715.3		91	1668.9	90	1656.1	81	1597.5		1944.3	2019-01		108	-0.13
96	Varvara Gracheva	24.8	1710.3		100	1654.5	92	1650.7	118	1538.8		1819.8	2019-10		111	-0.15
97	Elisabetta Cocciaretto	24.3	1709.6		103	1651.0	89	1656.1	62	1646.9		1853.5	2023-07		122	-0.23
98	Francesca Jones	24.7	1707.3		118	1626.0	83	1674.5	166	1490.6		1745.9	2025-05		125	-0.24
99	Yue Yuan	26.7	1705.3		90	1670.6	118	1602.8	94	1585.0		1869.7	2024-04		82	0.19
100	Laura Siegemund	37.2	1705.2		84	1675.7	96	1639.6	93	1587.6		1917.6	2016-08		103	-0.03
101	Lucia Bronzetti	26.5	1703.6		81	1690.8	112	1607.8	122	1534.6		1777.9	2025-03		61	0.50
102	Clara Burel	23.9	1701.7		93	1667.9	84	1673.3	136	1522.4		1845.7	2024-01		199	-0.67
103	Alexandra Eala	20.0	1698.6		92	1668.9	190	1515.2	82	1596.7		1721.0	2025-04		74	0.33
104	Caty Mcnally	23.5	1696.1		130	1609.2	86	1665.5	92	1588.8		1805.5	2019-07		213	-0.72
105	Katie Volynets	23.4	1690.1		107	1646.8	87	1658.6	110	1546.4		1828.5	2024-06		97	0.08
106	Sara Sorribes Tormo	28.5	1687.7		104	1648.7	94	1649.7	109	1548.9		1900.8	2021-08		133	-0.23
107	Viktoriya Tomova	30.3	1683.9		106	1646.9	106	1612.3	100	1570.1		1752.1	2024-06		81	0.28
108	Robin Montgomery	20.7	1683.6		122	1621.8	117	1604.6	61	1647.9		1779.9	2024-07		119	-0.10
109	Tatjana Maria	37.8	1681.8		113	1631.5	150	1562.7	47	1677.8		1804.5	2009-08		45	0.88
110	Ana Bogdan	32.5	1681.1		99	1654.7	100	1630.4	76	1608.2		1826.3	2023-07		247	-0.81
111	Shuai Zhang	36.3	1680.5		95	1664.9	139	1572.3	79	1599.4		1873.3	2018-01		127	-0.13
112	Dominika Salkova	20.9	1680.0		116	1628.4	126	1595.3	167	1489.2		1680.0	2025-06		167	-0.40
113	Daria Saville	31.2	1673.4		109	1641.5	123	1598.9	114	1541.4		1971.3	2017-01		140	-0.21
114	Simona Waltert	24.4	1670.3		115	1628.5	102	1628.9	153	1501.8		1706.0	2025-05		130	-0.13
115	Polina Kudermetova	22.0	1667.8		98	1655.3	132	1586.2	124	1529.9		1770.3	2024-12		63	0.60
116	Zeynep Sonmez	23.1	1667.3		101	1652.2	135	1579.9	99	1576.1		1769.8	2024-12		88	0.28
117	Oksana Selekhmeteva	22.4	1666.7		133	1604.4	99	1632.9	148	1508.3		1718.0	2024-07		145	-0.21
118	Dalma Galfi	26.8	1666.6		184	1543.6	91	1653.7	85	1593.8		1714.7	2022-07		112	0.05
119	Petra Martic	34.3	1663.7		117	1627.9	101	1629.4	78	1602.1		1979.2	2019-09		139	-0.16
120	Lin Zhu	31.3	1662.4		108	1646.8	232	1449.3	121	1536.2		1808.9	2023-09		307	-0.94
121	Cristina Bucsa	27.4	1659.6		112	1633.0	153	1559.8	112	1544.2		1736.6	2023-04		101	0.18
122	Diane Parry	22.7	1658.2		124	1616.7	116	1605.1	102	1569.3		1763.9	2024-03		113	0.08
123	Nadia Podoroska	27.9	1656.8		119	1626.0	129	1591.7	151	1505.6		1866.8	2021-01		226	-0.61
124	Renata Zarazua	27.6	1656.4		127	1613.8	119	1602.1	129	1527.8		1761.2	2025-01		71	0.56
125	Leolia Jeanjean	29.8	1653.8		126	1614.9	110	1609.8	135	1522.5		1684.9	2022-09		95	0.27
126	Alycia Parks	24.4	1653.0		88	1671.5	203	1499.9	104	1556.6		1824.7	2023-01		58	0.78
127	Claire Liu	24.9	1652.7		110	1640.4	131	1590.0	138	1519.3		1814.6	2022-05		432	-1.22
128	Solana Sierra	20.9	1652.7		155	1577.1	105	1612.5	201	1463.1		1697.2	2024-12		100	0.25
129	Sara Errani	38.0	1642.6		154	1577.9	108	1611.4	149	1507.3		2085.5	2013-05		285	-0.79
130	Anna Karolina Schmiedlova	30.4	1642.6		162	1571.1	93	1650.2	222	1450.9		1942.1	2015-09		266	-0.72
131	Ena Shibahara	27.3	1642.5		125	1615.8	157	1552.6	137	1521.9		1713.2	2024-11		120	0.09
132	Kamilla Rakhimova	23.8	1641.4		145	1587.5	121	1600.7	140	1518.8		1737.3	2024-09		87	0.42
133	Linda Fruhvirtova	20.0	1641.1		135	1603.3	194	1510.1	101	1569.6		1764.1	2023-03		150	-0.12
134	Xiyu Wang	24.1	1641.0		120	1625.2	115	1605.6	132	1525.9		1803.0	2024-02		165	-0.21
135	Nuria Parrizas Diaz	33.9	1640.7		138	1599.1	114	1607.2	198	1463.5		1765.0	2022-02		83	0.49
136	Yuliia Starodubtseva	25.3	1640.0		143	1590.2	107	1612.2	125	1529.2		1834.9	2024-10		67	0.71
137	Maria Lourdes Carle	25.3	1639.9		153	1578.5	120	1602.1	208	1460.9		1768.7	2024-05		123	0.11
138	Lulu Sun	24.1	1639.3		123	1618.8	185	1521.6	90	1589.2		1831.6	2024-08		46	1.10
139	Julia Grabher	28.9	1637.7		213	1495.9	103	1619.4	245	1431.3		1691.9	2022-09		141	-0.01
140	Jil Teichmann	27.8	1635.4		129	1612.0	130	1591.0	227	1445.1		1922.9	2022-05		92	0.42
141	Mananchaya Sawangkaew	22.8	1633.7		128	1612.9	186	1519.6	131	1527.5		1775.4	2025-02		104	0.30
142	Emiliana Arango	24.5	1633.2		111	1639.9	144	1566.9	204	1462.2		1698.2	2025-02		76	0.63
143	Heather Watson	33.0	1633.1		131	1605.8	215	1471.8	103	1567.0		1912.2	2014-06		148	-0.03
144	Rebecca Marino	34.4	1632.8		139	1593.6	206	1496.9	87	1593.4		1833.6	2010-11		114	0.23
145	Elsa Jacquemot	22.1	1632.3		151	1580.5	145	1565.3	145	1514.8		1652.8	2024-01		115	0.23
146	Tatiana Prozorova	21.6	1626.4		105	1647.1	173	1534.1	168	1488.2		1730.1	2025-02		156	-0.07
147	Nina Stojanovic	28.8	1626.0		140	1592.6	127	1595.2	156	1499.6		1752.9	2019-10		172	-0.16
148	Maja Chwalinska	23.6	1624.4		149	1584.1	122	1599.1	134	1523.3		1717.6	2024-07		126	0.16
149	Martina Trevisan	30.9	1624.0		160	1572.1	109	1610.7	309	1384.6		1803.7	2022-05		190	-0.24
150	Celine Naef	19.9	1623.4		121	1622.6	214	1481.9	98	1577.4		1713.2	2023-09		178	-0.17
151	Victoria Jimenez Kasintseva	19.8	1620.0		214	1494.4	113	1607.5	182	1477.5		1630.3	2024-09		136	0.10
152	Oleksandra Oliynykova	24.4	1619.8		327	1378.7	125	1595.5	172	1484.9		1652.3	2025-06		196	-0.25
153	Valentina Ryser	24.2	1619.7		180	1547.9	318	1371.2	77	1604.1		1638.5	2025-06		222	-0.37
154	Varvara Lepchenko	39.0	1617.5		148	1586.1	152	1561.2	160	1496.1		1891.7	2015-01		121	0.24
155	Oceane Dodin	28.1	1615.6		134	1604.1	193	1510.4	163	1492.6		1827.7	2016-11		345	-0.80
156	Alina Korneeva	17.9	1614.2		114	1631.4	259	1422.3	176	1482.1		1802.5	2024-10		284	-0.60
157	Anna Lena Friedsam	31.3	1613.9		167	1563.4	151	1561.7	192	1469.0		1842.9	2016-05		232	-0.39
158	Zarina Diyas	31.6	1612.8		144	1590.1	162	1547.0	141	1518.4		1856.6	2015-02		274	-0.55
159	Arantxa Rus	34.5	1612.4		150	1581.1	128	1594.6	180	1479.2		1774.5	2012-07		93	0.54
160	Sinja Kraus	23.1	1612.3		181	1547.8	154	1559.0	115	1541.0		1711.3	2025-03		155	0.03
161	Iryna Shymanovich	27.9	1611.1		202	1514.6	134	1580.8	263	1415.8		1649.2	2023-08		170	-0.05
162	Ella Seidel	20.3	1610.2		146	1587.2	156	1555.1	189	1470.3		1753.5	2024-01		110	0.39
163	Maddison Inglis	27.4	1609.8		156	1577.1	218	1465.9	159	1496.6		1627.3	2025-04		146	0.11
164	Sofia Costoulas	20.1	1606.5		147	1586.6	184	1523.3	181	1478.3		1625.2	2025-05		183	-0.11
165	Nao Hibino	30.4	1606.5		165	1568.2	161	1549.3	173	1484.5		1751.2	2015-09		174	-0.05
166	Lucrezia Stefanini	27.0	1605.0		173	1557.0	178	1526.9	133	1525.4		1650.2	2024-12		162	0.02
167	Tiantsoa Sarah Rakotomanga Rajaonah		1603.2		234	1470.0	147	1564.7	183	1476.6		1621.0	2025-06		181	-0.08
168	Priscilla Hon	27.1	1601.8		136	1602.9	202	1500.9	225	1447.6		1673.8	2019-10		137	0.20
169	Hanne Vandewinkel	21.0	1601.7		171	1559.2	155	1555.9	185	1475.8		1647.0	2025-04		175	-0.03
170	Saisai Zheng	31.0	1601.0		170	1560.8	169	1539.3	161	1495.5		1827.5	2020-03		598	-1.26
171	Teodora Kostovic		1600.0		210	1498.6	158	1552.6	186	1475.0		1669.0	2025-05		368	-0.77
172	Marina Stakusic	20.4	1599.7		169	1561.1	199	1505.3	117	1539.4		1794.3	2024-02		135	0.24
173	Lauren Davis	31.6	1596.9		142	1590.5	181	1523.7	123	1532.7		1924.3	2017-03		194	-0.11
174	Petra Marcinko	19.5	1595.8		209	1500.5	137	1576.2	248	1430.5		1674.0	2022-11		177	-0.02
175	Darja Semenistaja	22.7	1594.0		217	1488.0	133	1583.5	158	1497.0		1710.3	2023-07		131	0.29
176	Panna Udvardy	26.7	1593.3		193	1526.0	182	1523.7	144	1515.5		1704.6	2023-01		152	0.15
177	Jana Fett	28.5	1590.9		196	1523.2	149	1564.1	169	1487.6		1755.5	2017-10		168	0.05
178	Anastasia Zakharova	23.4	1590.3		161	1571.7	210	1489.4	187	1471.7		1706.7	2024-10		94	0.64
179	Clervie Ngounoue	18.8	1589.8		159	1575.1	222	1464.4	229	1443.2		1656.8	2025-03		224	-0.22
180	Veronika Erjavec	25.4	1589.8		233	1471.0	148	1564.3	221	1451.8		1626.4	2025-03		171	0.05
181	Tyra Caterina Grant	17.2	1588.9		197	1520.7	200	1504.5	191	1469.4		1624.6	2025-06		280	-0.44
182	Mia Pohankova		1588.7		152	1579.4	280	1409.4	215	1457.8		1685.9	2024-11		465	-0.94
183	Tamara Korpatsch	30.0	1588.4		206	1509.4	138	1574.6	239	1436.0		1717.5	2022-10		158	0.15
184	Elena Pridankina	19.7	1586.2		195	1523.3	143	1567.3	193	1468.1		1658.2	2025-04		176	0.04
185	Sachia Vickery	29.7	1583.6		182	1544.2	164	1544.8	202	1462.7		1736.9	2018-04		415	-0.81
186	Harriet Dart	28.8	1582.4		164	1570.7	254	1425.4	106	1550.9		1727.2	2022-06		124	0.41
187	Julia Riera	23.0	1582.2		212	1496.6	165	1543.0	232	1442.4		1731.2	2024-05		192	-0.03
188	Katarzyna Kawa	32.5	1581.7		249	1459.9	146	1565.3	170	1486.4		1649.3	2020-11		134	0.34
189	Lola Radivojevic	20.4	1579.9		261	1442.7	136	1578.8	116	1540.0		1611.2	2024-09		173	0.09
190	Amarissa Kiara Toth	22.3	1577.9		243	1464.8	166	1542.2	196	1464.0		1605.7	2025-06		269	-0.35
191	Alina Charaeva	23.0	1576.3		251	1456.7	142	1568.1	200	1463.2		1623.2	2024-10		184	0.04
192	Talia Gibson	20.9	1576.0		175	1555.1	273	1414.8	171	1485.6		1656.9	2024-10		129	0.40
193	Jule Niemeier	25.8	1575.6		178	1553.9	159	1552.2	139	1519.2		1867.6	2022-06		153	0.23
194	Emerson Jones	16.8	1575.3		176	1554.7	285	1402.7	203	1462.7		1618.0	2025-01		209	-0.07
195	Astra Sharma	29.7	1574.4		186	1536.6	172	1534.7	174	1483.8		1708.0	2019-04		143	0.31
196	Aleksandra Krunic	32.1	1574.1		198	1520.1	140	1569.3	130	1527.7		1838.0	2018-01		362	-0.61
197	Darja Vidmanova	22.3	1573.8		163	1570.7	238	1442.8	206	1461.9		1573.8	2025-06		249	-0.23
198	Julieta Pareja	16.1	1572.7		228	1474.9	171	1535.8	207	1461.3		1619.7	2025-03		323	-0.49
199	Olivia Gadecki	23.1	1570.7		183	1544.2	209	1490.7	162	1493.0		1767.5	2024-10		102	0.67
200	Chloe Paquet	30.9	1570.7		236	1468.3	168	1540.0	255	1421.9		1631.4	2024-08		154	0.26
201	Mary Stoiana	22.0	1567.8		174	1556.5	296	1390.6	213	1458.9		1658.4	2024-10		262	-0.27
202	Xinyu Gao	27.5	1566.8		201	1519.0	195	1509.9	247	1430.7		1609.8	2025-02		149	0.30
203	Linda Klimovicova	20.9	1565.6		166	1565.5	248	1430.3	226	1445.6		1651.9	2025-05		186	0.09
204	Jessika Ponchet	28.7	1565.0		205	1511.0	179	1526.6	157	1499.1		1622.0	2024-06		151	0.30
205	Louisa Chirico	29.0	1564.5		207	1504.6	167	1541.9	233	1442.3		1812.7	2016-10		157	0.27
206	Leyre Romero Gormaz	23.1	1563.5		232	1471.5	176	1529.2	283	1400.8		1656.1	2024-06		142	0.37
207	Mona Barthel	34.9	1562.9		187	1536.4	183	1523.7	260	1420.5		2000.1	2012-05		195	0.06
208	Mirjam Bjorklund	26.7	1561.6		190	1529.6	196	1509.8	113	1542.0		1740.8	2023-06		609	-1.07
209	Fiona Ferro	28.2	1558.5		185	1542.2	189	1515.8	246	1431.1		1864.6	2021-03		387	-0.62
210	Joanna Garland	23.8	1557.3		245	1461.1	191	1513.4	195	1464.9		1567.3	2025-06		144	0.38
211	Tara Wurth	22.7	1555.7		314	1389.5	187	1518.5	219	1452.9		1681.6	2022-07		207	0.02
212	Jodie Burrage	26.0	1555.6		177	1554.0	305	1384.2	154	1501.7		1712.3	2023-07		164	0.26
213	Julie Belgraver	22.9	1554.6		267	1436.7	205	1497.7	220	1452.3		1581.5	2025-06		239	-0.12
214	Daria Snigur	23.2	1553.9		203	1514.4	245	1433.4	142	1516.6		1708.0	2024-07		163	0.27
215	Carson Branstine	24.7	1552.8		199	1519.9	231	1450.0	152	1502.7		1562.3	2025-06		197	0.09
216	Erika Andreeva	20.9	1552.1		179	1551.9	217	1467.5	197	1463.6		1795.0	2024-03		106	0.71
217	Tamara Zidansek	27.4	1550.3		208	1501.0	170	1537.1	223	1450.6		1857.1	2019-06		208	0.04
218	Kateryna Baindl	30.5	1549.7		192	1527.9	175	1530.0	279	1404.4		1825.4	2016-02		563	-0.95
219	Camilla Rosatello	30.0	1549.0		238	1467.5	198	1507.4	297	1391.7		1565.3	2025-06		252	-0.14
220	Mariam Bolkvadze	27.4	1548.2		188	1534.3	356	1334.4	218	1453.2		1622.4	2021-09		198	0.11
221	Barbora Palicova	21.2	1542.1		248	1460.2	188	1517.3	214	1458.3		1672.5	2022-11		179	0.21
222	Aoi Ito	21.0	1542.0		157	1576.6	394	1301.7	277	1406.8		1786.2	2024-12		109	0.71
223	Ysaline Bonaventure	30.5	1540.2		191	1528.2	212	1486.8	188	1471.6		1772.2	2019-07		829	-1.31
224	Laura Samson	17.2	1536.9		265	1440.1	177	1527.8	228	1443.4		1536.9	2025-06		272	-0.19
225	Sijia Wei	21.5	1535.7		141	1591.1	346	1345.6	240	1435.4		1762.6	2025-01		132	0.53
226	Guiomar Maristany Zuleta De Reales	26.3	1535.3		281	1413.5	174	1530.9	231	1442.6		1589.2	2025-05		180	0.23
227	Carole Monnet	23.5	1531.9		215	1494.1	211	1489.3	304	1387.3		1547.6	2025-06		200	0.13
228	Arina Rodionova	35.4	1531.1		194	1525.6	278	1410.3	177	1481.1		1643.7	2017-07		216	0.05
229	Anastasiya Soboleva	21.1	1529.5		273	1426.5	201	1502.4	282	1400.9		1571.2	2025-05		234	-0.02
230	Marina Bassols Ribera	25.4	1528.4		211	1498.0	208	1493.2	216	1456.8		1675.3	2024-01		238	-0.03
231	Destanee Aiava	25.0	1528.0		189	1530.6	263	1421.8	329	1376.4		1640.5	2025-02		161	0.36
232	Mingge Xu	17.7	1525.8		250	1458.3	310	1377.9	237	1439.3		1534.4	2025-06		318	-0.32
233	Andrea Lazaro Garcia	30.5	1520.2		260	1444.4	204	1498.1	238	1439.1		1553.7	2022-05		189	0.21
234	Tereza Martincova	30.6	1520.1		204	1514.3	256	1422.7	143	1516.0		1811.8	2022-03		551	-0.86
235	Lizette Cabrera	27.4	1519.8		221	1483.5	308	1380.9	175	1482.8		1588.0	2017-11		205	0.14
236	Aliona Bolsova	27.6	1519.2		255	1450.1	197	1507.6	269	1412.5		1726.6	2019-05		287	-0.20
237	Lanlana Tararudee	20.9	1518.3		200	1519.8	228	1451.9	190	1469.5		1605.4	2025-05		188	0.23
238	Wakana Sonobe	17.3	1515.3		158	1575.5	369	1325.9	242	1432.6		1733.6	2025-04		304	-0.24
239	Emina Bektas	32.1	1514.7		227	1476.8	385	1317.4	165	1491.6		1692.4	2023-10		305	-0.24
240	Harmony Tan	27.7	1511.2		218	1487.0	312	1375.3	146	1513.6		1709.7	2022-08		312	-0.26
241	Alexis Blokhina	20.7	1509.6		287	1407.8	213	1486.8	250	1429.8		1509.6	2025-06		462	-0.65
242	Francisca Jorge	25.1	1508.5		219	1484.8	233	1446.6	210	1459.3		1566.3	2023-12		258	-0.06
243	Viktoria Hruncakova	27.0	1506.9		220	1484.8	243	1436.3	258	1421.4		1890.8	2018-06		223	0.09
244	Yuriko Miyazaki	29.5	1506.2		223	1481.3	387	1315.5	230	1443.0		1629.1	2023-01		251	-0.03
245	Kristina Dmitruk	21.6	1503.2		216	1492.0	225	1458.4	272	1409.7		1588.2	2025-03		203	0.19
246	Sayaka Ishii	19.7	1502.1		230	1474.0	334	1360.3	194	1466.7		1577.3	2025-03		211	0.15
247	Elizabeth Mandlik	24.0	1501.8		231	1473.7	219	1465.8	205	1462.1		1697.6	2023-07		255	-0.03
248	Mai Hontama	25.7	1501.1		241	1465.7	236	1443.6	274	1408.4		1687.6	2024-03		193	0.25
249	Kathinka Von Deichmann	31.0	1500.0		246	1461.0	216	1471.7	298	1391.2		1625.3	2022-05		160	0.44
250	Amarni Banks	22.6	1495.6		239	1466.8	331	1362.8	249	1430.1		1555.1	2024-01		268	-0.07
251	Matilde Jorge	21.1	1493.1		224	1481.2	306	1383.4	257	1421.6		1519.0	2025-06		250	0
252	Berfu Cengiz	25.6	1492.6		310	1390.9	207	1496.0	259	1421.3		1611.7	2024-06		380	-0.41
253	Aurora Zantedeschi	24.5	1489.1		379	1332.2	226	1455.9	261	1419.6		1526.9	2025-03		296	-0.16
254	En Shuo Liang	24.6	1486.7		240	1466.1	319	1371.0	199	1463.4		1621.7	2019-05		292	-0.14
255	Tessah Andrianjafitrimo	26.6	1486.6		235	1469.9	252	1427.4	284	1400.8		1550.6	2024-09		202	0.23
256	Su Jeong Jang	30.0	1486.1		271	1432.9	180	1525.6	310	1384.6		1643.8	2017-05		384	-0.41
257	Susan Bandecchi	26.9	1481.8		350	1352.5	250	1429.8	234	1440.7		1540.9	2024-06		259	-0.01
258	Noma Noha Akugue	21.5	1480.2		316	1389.0	220	1465.7	352	1361.6		1668.1	2023-08		260	-0.01
259	Marie Benoit	30.0	1479.7		301	1398.1	221	1465.3	319	1381.7		1548.6	2024-07		330	-0.24
260	Alice Rame	27.6	1477.9		409	1296.3	235	1444.0	266	1413.9		1505.0	2025-06		291	-0.11
261	Ana Konjuh	27.4	1476.9		226	1478.2	247	1431.4	178	1479.8		1911.8	2017-02		513	-0.68
262	Katherine Sebov	26.4	1476.9		229	1474.3	298	1390.1	253	1423.0		1701.7	2023-04		302	-0.14
263	Hanyu Guo	27.0	1475.2		242	1465.4	275	1413.0	268	1412.6		1519.8	2025-06		276	-0.05
264	Cadence Brace	20.2	1473.3		225	1478.7	422	1277.9	270	1411.7		1493.7	2025-06		264	0
265	Ella Mcdonald	19.8	1472.8		364	1342.8	342	1351.4	209	1459.6		1487.4	2025-06		394	-0.40
266	Laura Pigossi	30.8	1472.6		262	1442.4	239	1441.1	365	1355.2		1607.5	2024-06		201	0.28
267	Renata Jamrichova	17.9	1471.9		269	1436.1	240	1440.8	371	1350.6		1570.0	2022-11		328	-0.21
268	Mariia Tkacheva	23.2	1469.0		222	1481.7	391	1312.1	273	1409.5		1595.2	2024-11		295	-0.10
269	Anouk Koevermans	21.4	1467.4		244	1463.2	267	1418.0	379	1345.6		1669.6	2024-08		191	0.34
270	Whitney Osuigwe	23.1	1467.1		253	1455.1	244	1435.7	450	1306.5		1799.0	2019-05		159	0.53
271	Wushuang Zheng	26.5	1466.7		252	1455.5	393	1307.3	275	1408.3		1518.4	2025-04		246	0.10
272	Kristina Mladenovic	31.7	1465.7		256	1449.8	279	1410.1	236	1439.6		1989.5	2017-05		293	-0.07
273	Patricia Maria Tig	30.8	1464.5		277	1418.4	224	1460.4	417	1321.6		1730.1	2020-09		215	0.24
274	Vitalia Diatchenko	34.8	1463.2		266	1439.3	299	1388.7	241	1433.0		1829.9	2014-11		590	-0.77
275	Nuria Brancaccio	24.9	1463.1		392	1313.4	242	1436.9	321	1381.3		1574.8	2024-11		185	0.40
276	Silvia Ambrosio	28.3	1461.8		410	1294.6	230	1450.5	278	1405.9		1533.3	2023-06		288	-0.04
277	Sohyun Park	22.8	1459.4		263	1441.6	295	1391.5	179	1479.7		1536.6	2019-09		322	-0.15
278	Eva Vedder	25.5	1458.3		280	1415.3	258	1422.5	265	1414.6		1572.9	2025-01		278	0
279	Maria Timofeeva	21.5	1458.2		247	1460.5	272	1414.9	397	1335.4		1641.7	2024-03		275	0.01
280	Aneta Kladivova	25.0	1457.4		376	1334.5	223	1462.9	280	1403.7		1498.6	2024-08		309	-0.10
281	Angela Fita Boluda	25.9	1456.8		368	1342.0	286	1402.3	281	1403.4		1561.8	2024-09		217	0.26
282	Ekaterine Gorgodze	33.5	1456.0		307	1394.0	262	1422.0	251	1427.7		1609.9	2021-08		244	0.14
283	Matilde Paoletti	21.9	1454.5		326	1379.3	234	1445.1	348	1364.2		1601.6	2023-07		409	-0.37
284	Sara Saito	18.6	1453.2		237	1467.7	227	1454.3	392	1338.8		1664.6	2024-07		254	0.11
285	Francesca Curmi	22.9	1451.6		254	1450.3	317	1371.3	285	1400.8		1502.4	2025-03		366	-0.25
286	Hanna Chang	27.2	1449.8		298	1401.2	277	1410.4	311	1384.6		1505.5	2025-04		227	0.23
287	Arianne Hartono	29.1	1449.6		258	1446.6	314	1373.8	383	1344.6		1610.6	2024-02		187	0.43
288	Lea Boskovic	25.7	1449.1		289	1407.2	265	1421.5	211	1459.0		1591.8	2024-08		221	0.26
289	Martina Okalova	27.9	1448.8		345	1360.2	260	1422.3	286	1399.4		1504.3	2025-05		405	-0.34
290	Tamira Paszek	34.4	1448.4		275	1425.1	290	1396.1	119	1537.7		1976.3	2007-08		441	-0.42
291	Lia Karatancheva	21.7	1448.1		403	1299.2	249	1429.9	287	1399.1		1478.0	2025-05		265	0.09
292	Emeline Dartron	25.1	1447.4		278	1418.1	283	1405.1	288	1398.7		1525.5	2025-04		325	-0.11
293	Kaitlin Quevedo	19.3	1445.6		296	1402.1	287	1399.1	289	1397.8		1575.6	2025-04		236	0.22
294	Justina Mikulskyte	29.3	1445.1		279	1417.3	268	1417.9	342	1367.5		1527.5	2022-05		212	0.33
295	Jazmin Ortenzi	23.5	1445.1		317	1388.6	261	1422.3	290	1397.5		1500.9	2025-05		245	0.19
296	Sada Nahimana	24.1	1442.3		373	1338.7	237	1443.4	292	1396.2		1554.7	2025-05		237	0.22
297	Nikola Bartunkova	19.2	1442.2		259	1445.1	303	1384.9	293	1396.1		1630.6	2023-05		446	-0.41
298	Irina Bara	30.2	1442.2		344	1360.6	266	1420.2	403	1327.9		1670.0	2020-09		257	0.15
299	Kyoka Okamura	29.6	1441.5		299	1401.1	402	1294.2	155	1501.7		1522.9	2016-09		182	0.50
300	Caroline Uebelhoer	29.1	1440.4		375	1337.1	255	1423.1	296	1395.2		1519.2	2025-04		289	0.04
301	Robin Anderson	32.1	1440.0		283	1412.3	284	1403.1	340	1369.7		1641.1	2019-10		332	-0.10
302	Irene Burillo Escorihuela	27.8	1440.0		332	1371.4	253	1427.2	350	1362.5		1537.0	2024-06		281	0.07
303	Kayla Day	25.6	1437.2		284	1411.7	229	1451.3	373	1347.6		1756.9	2016-10		463	-0.42
304	Kajsa Rinaldo Persson	27.5	1437.2		293	1402.7	282	1408.0	406	1326.8		1485.0	2025-05		339	-0.11
305	Carolina Alves	29.1	1437.1		331	1373.9	264	1421.7	381	1345.0		1582.2	2022-05		241	0.24
306	Yuliya Hatouka	25.1	1436.2		315	1389.3	246	1432.4	366	1354.7		1597.0	2023-05		472	-0.43
307	Raluka Serban	27.9	1434.3		302	1398.0	251	1428.8	368	1353.0		1648.9	2022-04		231	0.28
308	Gabriela Andrea Knutson	28.1	1434.1		257	1449.2	428	1272.2	294	1396.1		1597.5	2024-07		219	0.34
309	Himeno Sakatsume	23.8	1431.6		274	1426.3	343	1349.3	295	1396.1		1581.5	2023-09		243	0.24
310	Tina Nadine Smith	22.9	1431.5		288	1407.3	292	1393.5	299	1390.8		1532.3	2025-02		317	-0.02
311	Yaroslava Bartashevich	20.1	1431.2		365	1342.6	316	1372.2	300	1390.6		1499.9	2025-04		495	-0.46
312	Valeria Savinykh	33.6	1429.6		294	1402.5	404	1290.2	357	1357.5		1713.2	2012-03		888	-1.05
313	Despina Papamichail	32.3	1429.5		311	1390.4	291	1394.7	264	1415.2		1551.5	2022-10		261	0.18
314	Katarina Zavatska	25.3	1429.4		336	1366.3	271	1416.3	328	1376.5		1720.0	2019-11		348	-0.10
315	Ariana Geerlings	19.7	1428.9		390	1317.5	309	1378.6	302	1389.4		1442.6	2025-06		343	-0.09
316	Aliona Falei	21.1	1428.8		297	1402.0	300	1388.5	301	1390.2		1644.3	2024-04		308	0.03
317	Usue Maitane Arconada	26.5	1428.7		276	1419.4	392	1308.9	330	1375.4		1669.8	2019-09		407	-0.25
318	Amelia Rajecki	23.0	1428.3		405	1298.5	364	1329.1	267	1413.0		1468.1	2024-06		421	-0.28
319	Kateryna Bondarenko	38.2	1426.3		290	1404.7	304	1384.6	212	1459.0		1971.8	2009-10		652	-0.71
320	Jaimee Fourlis	25.6	1424.8		329	1375.1	293	1392.9	217	1456.5		1591.9	2019-08		341	-0.06
321	Jesika Maleckova	30.6	1424.8		356	1348.6	274	1413.2	388	1341.7		1571.1	2016-06		591	-0.61
322	Fangran Tian	21.4	1423.4		282	1412.5	367	1326.7	305	1386.7		1505.4	2024-12		456	-0.35
323	Diana Martynov	24.0	1422.6		325	1380.5	311	1376.4	306	1386.3		1521.5	2024-10		391	-0.19
324	Daria Kudashova	21.9	1421.6		295	1402.4	354	1335.1	307	1385.8		1560.3	2024-11		426	-0.27
325	Mia Ristic	19.0	1421.5		357	1348.6	288	1398.4	308	1385.8		1662.1	2023-11		314	0.03
326	Gabriela Lee	29.8	1420.9		393	1313.0	270	1416.8	428	1318.1		1608.8	2022-05		324	0.01
327	Taylah Preston	19.6	1418.6		268	1436.3	383	1317.7	353	1360.4		1747.0	2024-03		248	0.28
328	Haruka Kaji	30.7	1418.5		272	1429.5	352	1335.3	256	1421.8		1517.5	2025-03		233	0.34
329	Zhibek Kulambayeva	25.1	1416.3		429	1273.8	281	1408.5	314	1383.1		1436.3	2025-05		306	0.07
330	Martyna Kubka	24.1	1416.1		319	1387.3	350	1337.9	315	1383.1		1442.8	2025-03		392	-0.17
331	Akasha Urhobo	18.2	1415.7		346	1359.0	301	1387.4	316	1382.8		1525.6	2024-06		422	-0.24
332	Liv Hovde	19.6	1415.6		285	1409.8	371	1325.1	369	1352.3		1573.1	2024-06		630	-0.64
333	Amandine Hesse	32.4	1415.2		312	1390.2	335	1359.7	412	1324.1		1573.3	2015-09		326	0.02
334	Hina Inoue	22.0	1415.0		286	1409.7	448	1251.3	318	1382.5		1550.8	2024-10		206	0.48
335	Amandine Monnot	23.1	1415.0		341	1363.3	322	1369.4	317	1382.5		1442.7	2025-04		428	-0.24
336	Xiaodi You	29.0	1413.4		300	1398.3	344	1348.9	410	1325.4		1517.7	2017-11		365	-0.08
337	Meiling Wang	25.3	1413.2		322	1384.5	359	1333.9	320	1381.6		1501.5	2024-05		401	-0.17
338	Sara Cakarevic	28.1	1410.8		354	1348.9	324	1368.4	322	1380.4		1459.6	2024-10		417	-0.21
339	Hannah Klugman	16.3	1409.8		313	1389.9	348	1342.7	354	1360.4		1479.3	2024-12		577	-0.53
340	Ana Sofia Sanchez	31.0	1408.5		304	1397.8	357	1334.4	323	1379.2		1446.1	2025-04		230	0.39
341	Shrivalli Rashmikaa Bhamidipaty	23.4	1408.2		323	1384.1	379	1319.1	324	1379.1		1490.2	2024-02		320	0.06
342	Julia Avdeeva	22.9	1407.8		309	1392.3	377	1319.3	362	1356.2		1654.7	2024-02		300	0.13
343	Tena Lukas	30.1	1407.2		380	1330.2	276	1412.4	358	1356.8		1543.0	2018-07		297	0.14
344	Polina Iatcenko	21.5	1406.9		308	1393.8	381	1318.4	325	1378.4		1422.8	2025-06		336	0.02
345	Ekaterina Kazionova	26.4	1405.0		404	1299.2	269	1417.2	360	1356.6		1414.8	2025-06		427	-0.21
346	Diletta Cherubini	23.1	1404.0		291	1404.7	372	1323.3	326	1377.0		1417.6	2025-06		443	-0.25
347	Makenna Jones	27.3	1400.9		270	1434.5	368	1326.2	331	1375.4		1540.5	2023-10		574	-0.50
348	Valeriya Strakhova	30.0	1399.3		428	1274.8	307	1383.4	333	1374.7		1455.2	2025-03		256	0.31
349	Stacey Fung	28.1	1397.7		321	1385.6	395	1301.7	334	1373.9		1474.2	2024-11		301	0.15
350	Lina Gjorcheska	30.8	1397.0		358	1346.3	289	1398.0	312	1384.3		1636.7	2017-04		286	0.20
351	Carol Zhao	29.9	1393.1		306	1395.6	376	1321.6	351	1362.0		1576.7	2017-11		270	0.26
352	Ipek Oz	25.9	1393.1		328	1378.7	325	1368.4	391	1340.5		1563.9	2022-05		327	0.07
353	Kamilla Bartone	22.8	1392.6		359	1345.4	323	1369.2	335	1371.3		1452.4	2021-07		461	-0.27
354	Margaux Rouvroy	24.2	1391.2		349	1355.0	328	1365.1	337	1370.6		1545.4	2023-05		303	0.16
355	Tatiana Pieri	26.1	1389.8		389	1317.6	340	1353.2	338	1369.9		1411.7	2025-05		376	-0.06
356	Ekaterina Maklakova	21.0	1389.6		337	1365.3	361	1333.1	339	1369.8		1496.6	2024-03		547	-0.43
357	Fangzhou Liu	29.5	1389.4		334	1371.2	457	1243.6	402	1329.5		1650.7	2015-03		361	-0.01
358	Anastasia Tikhonova	24.3	1389.2		353	1349.5	302	1386.6	271	1410.0		1592.0	2022-03		337	0.06
359	Vivian Wolff	26.6	1387.7		330	1374.1	366	1327.3	341	1368.9		1454.9	2024-05		419	-0.15
360	Lian Tran	22.8	1385.7		338	1365.0	388	1314.4	336	1371.0		1501.0	2025-02		338	0.06
361	Miriam Bianca Bulgaru	26.6	1385.2		413	1292.2	320	1370.2	370	1350.9		1590.4	2024-09		204	0.57
362	Ayana Akli	23.9	1384.3		335	1367.2	373	1323.3	343	1367.2		1506.8	2024-07		315	0.14
363	Manon Leonard	24.3	1383.9		264	1440.4	475	1215.2	459	1302.1		1574.5	2024-03		214	0.53
364	Ayano Shimizu	27.0	1383.8		388	1318.0	403	1291.9	327	1376.9		1527.1	2018-07		294	0.21
365	Elvina Kalieva	21.8	1382.6		401	1300.7	294	1392.6	464	1299.0		1596.2	2022-01		298	0.20
366	Zongyu Li	22.0	1381.5		360	1344.9	297	1390.4	344	1365.8		1441.8	2025-03		346	0.06
367	Ylena In Albon	26.2	1381.5		384	1328.4	336	1357.3	361	1356.4		1591.7	2022-05		311	0.17
368	Yidi Yang	25.4	1381.4		347	1356.3	360	1333.4	345	1365.7		1397.7	2025-06		370	-0.01
369	Xinxin Yao	21.6	1380.9		305	1397.1	440	1258.2	346	1365.4		1539.4	2025-01		253	0.38
370	Vaidehi Chaudhari	25.0	1380.0		340	1363.5	241	1440.0	235	1440.0		1459.1	2024-01		364	0.02
371	Selena Janicijevic	22.8	1379.6		324	1382.5	353	1335.2	332	1374.8		1576.3	2024-07		225	0.50
372	Anna Siskova	23.8	1378.6		412	1292.8	330	1363.2	469	1291.5		1425.5	2023-08		408	-0.09
373	Kayla Cross	20.2	1377.4		292	1404.4	399	1298.8	447	1307.2		1493.7	2025-03		229	0.49
374	Ayla Aksu	28.8	1375.6		351	1351.5	349	1338.4	349	1362.8		1516.1	2017-08		335	0.11
375	Han Shi	20.0	1374.7		333	1371.3	337	1357.3	367	1353.4		1657.2	2024-08		271	0.32
376	Isabella Shinikova	33.6	1373.3		318	1388.3	419	1280.3	476	1284.5		1640.8	2019-10		352	0.07
377	Nastasja Schunk	21.8	1370.7		355	1348.9	363	1329.1	224	1449.2		1675.1	2022-05		283	0.29
378	Mei Yamaguchi	25.9	1370.6		303	1397.9	424	1276.9	394	1337.6		1544.4	2025-02		273	0.33
379	Ena Koike	18.5	1370.1		366	1342.6	416	1284.3	355	1360.1		1385.2	2025-06		588	-0.44
380	Katrina Scott	20.9	1369.7		367	1342.2	378	1319.2	448	1307.1		1696.9	2022-08		406	-0.07
381	Jia Jing Lu	35.5	1367.8		371	1339.8	351	1337.3	490	1274.5		1530.1	2021-01		349	0.09
382	Sahaja Yamalapalli	24.3	1366.3		363	1343.4	436	1264.0	356	1358.2		1431.2	2024-12		333	0.14
383	Dejana Radanovic	28.3	1365.6		426	1276.4	327	1366.1	398	1334.6		1488.5	2019-05		481	-0.23
384	Elena Malygina	24.9	1364.9		361	1344.7	382	1317.9	243	1432.4		1470.1	2019-02		470	-0.20
385	Oana Georgeta Simion	29.2	1363.4		408	1296.7	365	1328.8	359	1356.7		1392.5	2025-06		485	-0.23
386	Ziva Falkner	22.8	1363.0		320	1386.0	345	1346.3	244	1431.5		1608.2	2023-07		504	-0.27
387	Karina Miller	23.0	1362.4		342	1363.3	430	1267.5	363	1356.2		1486.9	2024-11		313	0.21
388	Alicia Herrero Linana	26.4	1361.3		439	1264.3	339	1353.5	364	1355.6		1411.6	2024-11		363	0.07
389	Cagla Buyukakcay	35.6	1360.6		339	1364.4	358	1334.0	502	1244.6		1727.7	2016-05		350	0.11
390	Georgia Pedone	20.7	1359.5		491	1194.7	315	1373.2	375	1347.0		1563.8	2024-09		218	0.58
391	Maria Mateas	25.8	1356.6		382	1328.5	380	1318.9	291	1396.5		1528.7	2017-09		240	0.49
392	Lina Glushko	25.4	1355.2		362	1343.8	375	1321.7	276	1407.1		1581.4	2019-02		282	0.33
393	Sophie Chang	27.8	1354.4		372	1339.8	386	1315.7	389	1341.6		1505.5	2021-09		340	0.14
394	Conny Perrin	34.2	1353.2		453	1248.8	332	1361.4	313	1383.5		1586.9	2018-07		794	-0.70
395	Urszula Radwanska	34.4	1352.9		386	1325.4	329	1364.2	372	1348.8		1885.0	2012-09		459	-0.15
396	Eudice Wong Chong	29.1	1351.7		378	1332.3	362	1331.6	252	1425.8		1640.2	2014-02		452	-0.13
397	Stephanie Wagner	30.6	1348.3		399	1306.8	341	1352.9	418	1321.5		1420.7	2019-07		494	-0.22
398	Petra Hule	26.2	1347.2		369	1340.7	384	1317.7	463	1299.1		1511.9	2024-02		375	0.06
399	Dalila Jakupovic	34.2	1346.8		352	1351.5	390	1312.7	440	1309.9		1762.6	2018-07		310	0.25
400	Priska Madelyn Nugroho	22.0	1345.2		394	1312.0	257	1422.6	254	1422.6		1559.9	2020-03		299	0.29
401	Lea Ma	24.3	1345.2		395	1311.4	397	1301.0	374	1347.6		1365.8	2025-06		354	0.12
402	Audrey Albie	30.4	1343.1		343	1361.4	439	1260.5	376	1346.6		1604.5	2019-01		677	-0.52
403	Gina Feistel	21.8	1343.1		434	1267.5	333	1361.4	377	1346.6		1557.9	2024-07		372	0.08
404	Thaisa Grana Pedretti	25.8	1342.9		387	1324.3	389	1313.3	378	1346.5		1438.3	2024-02		482	-0.18
405	Astrid Lew Yan Foon	19.8	1340.6		444	1260.8	355	1334.5	380	1345.3		1438.9	2024-04		507	-0.22
406	Emily Appleton	25.7	1339.8		377	1333.3	450	1250.4	441	1309.8		1437.9	2024-06		403	0.01
407	Ankita Raina	32.4	1339.8		396	1310.5	338	1356.3	451	1306.5		1517.7	2018-04		373	0.09
408	Ranah Akua Stoiber	20.0	1339.6		471	1232.8	415	1284.8	424	1318.5		1420.4	2024-06		523	-0.25
409	Melisa Ercan	19.7	1339.5		383	1328.5	443	1256.9	382	1344.7		1454.3	2024-07		369	0.10
410	Alexandra Shubladze	19.6	1337.1		381	1329.2	412	1286.0	384	1343.5		1452.4	2024-09		477	-0.15
411	Ekaterina Reyngold	23.9	1335.6		370	1340.2	466	1234.8	385	1342.8		1399.7	2025-02		474	-0.14
412	Alevtina Ibragimova	20.4	1335.4		411	1293.2	347	1343.0	386	1342.7		1549.1	2024-09		319	0.26
413	Iva Primorac	29.1	1335.0		462	1240.0	321	1369.7	387	1342.5		1436.2	2024-09		388	0.06
414	Gergana Topalova	25.1	1334.7		498	1178.9	370	1325.4	400	1332.2		1455.2	2024-07		347	0.18
415	Malene Helgo	25.8	1333.5		348	1356.0	420	1279.9	262	1416.7		1538.2	2017-04		433	-0.04
416	Luca Udvardy	19.5	1333.0		422	1281.5	398	1300.2	390	1341.5		1452.5	2025-04		499	-0.18
417	Mina Hodzic	23.0	1328.5		406	1297.9	408	1287.2	419	1321.3		1534.3	2024-04		440	-0.05
418	Natalija Stevanovic	30.5	1328.0		421	1281.5	326	1366.7	303	1389.4		1598.5	2023-07		467	-0.11
419	Anna Sinclair Rogers	27.2	1326.0		407	1296.9	413	1285.8	393	1338.0		1432.3	2024-11		267	0.45
420	Evialina Laskevich	20.5	1321.9		391	1314.6	463	1239.3	395	1335.9		1581.0	2024-07		471	-0.11
421	Olga Helmi	25.1	1321.9		400	1301.7	425	1275.9	396	1335.9		1412.9	2022-09		557	-0.28
422	Saki Imamura	23.1	1320.5		402	1299.3	426	1275.2	404	1327.2		1334.7	2025-06		367	0.14
423	Anastasia Kulikova	25.3	1319.9		397	1309.7	374	1323.0	430	1318.0		1667.1	2021-07		382	0.10
424	Jasmijn Gimbrere	24.2	1319.5		417	1287.6	400	1294.7	470	1291.2		1339.5	2025-06		455	-0.07
425	Lucija Ciric Bagaric	21.4	1317.8		418	1286.6	396	1301.5	442	1309.6		1540.7	2024-07		381	0.11
426	Anastasiia Gureva	20.0	1317.6		374	1338.0	480	1211.1	399	1333.8		1549.7	2024-02		582	-0.31
427	Miho Kuramochi	26.9	1317.3		436	1265.5	427	1273.6	401	1331.5		1434.2	2024-01		400	0.07
428	Cristina Dinu	31.9	1313.0		445	1260.7	414	1285.3	480	1282.8		1498.3	2016-09		503	-0.16
429	Gabriela Ce	32.2	1311.9		448	1256.9	417	1282.2	455	1304.0		1517.0	2022-05		410	0.05
430	Ekaterina Makarova	29.3	1311.5		452	1251.7	409	1287.2	504	1240.8		1452.8	2024-07		220	0.67
431	Jessica Pieri	28.1	1307.0		456	1246.1	438	1260.9	431	1318.0		1610.2	2021-05		383	0.12
432	Sarah Beth Grey	29.2	1306.2		398	1307.6	451	1250.0	512	1215.5		1412.6	2022-06		610	-0.35
433	Alice Robbe	25.0	1306.0		450	1255.5	313	1374.6	434	1317.2		1499.5	2023-10		517	-0.18
434	Tiphanie Fiquet	25.0	1304.4		420	1282.9	442	1257.5	405	1327.2		1338.2	2025-05		469	-0.08
435	Ksenia Zaytseva	20.7	1303.2		433	1267.6	410	1287.0	407	1326.6		1468.1	2023-12		672	-0.43
436	Leonie Kung	24.6	1302.9		385	1328.2	460	1241.0	485	1278.7		1632.1	2021-03		235	0.62
437	Carolina Kuhl	20.1	1302.3		464	1239.4	411	1286.7	408	1326.1		1349.0	2024-11		584	-0.29
438	Hong Yi Cody Wong	23.2	1301.4		432	1272.0	418	1281.6	409	1325.7		1398.7	2025-01		360	0.20
439	Miriana Tona	30.2	1298.7		454	1247.8	405	1287.5	411	1324.4		1429.3	2024-04		423	0.04
440	Jamie Loeb	30.2	1298.6		425	1277.0	432	1265.4	474	1285.3		1668.4	2017-04		491	-0.11
441	Julie Struplova	20.5	1295.8		430	1273.3	423	1277.9	414	1322.9		1370.6	2024-05		351	0.23
442	Jiaqi Wang	23.2	1295.4		431	1272.4	401	1294.6	415	1322.7		1354.1	2024-09		624	-0.34
443	Momoko Kobori	26.8	1295.2		449	1255.7	456	1244.5	467	1292.1		1439.9	2018-05		435	0.02
444	Rinon Okuwaki	20.1	1293.6		419	1286.5	483	1206.5	416	1321.8		1359.6	2024-09		602	-0.30
445	Maria Sara Popa	19.5	1291.5		481	1213.3	407	1287.3	420	1320.8		1461.0	2023-09		653	-0.38
446	Elena Micic	20.9	1289.7		424	1277.9	468	1229.7	421	1319.9		1406.5	2025-01		374	0.18
447	Jacqueline Cabaj Awad	29.2	1288.2		416	1287.9	494	1179.1	422	1319.1		1330.1	2025-03		564	-0.23
448	Rasheeda Mcadoo	29.7	1287.8		438	1264.9	481	1209.7	423	1318.9		1294.9	2025-03		533	-0.17
449	Clara Vlasselaer	24.2	1286.5		423	1278.9	441	1258.2	425	1318.2		1335.4	2024-10		510	-0.13
450	Madison Sieg	21.9	1286.4		437	1265.4	465	1236.7	427	1318.2		1329.0	2025-04		395	0.13
451	Andreea Prisacariu	25.2	1286.4		455	1246.3	437	1261.2	426	1318.2		1380.7	2022-05		483	-0.07
452	Antonia Schmidt	23.9	1286.2		415	1288.9	458	1243.4	429	1318.1		1393.6	2025-02		442	0.02
453	Maria Kozyreva	26.0	1285.7		414	1289.3	434	1264.9	432	1317.9		1586.1	2024-03		520	-0.14
454	Ye Xin Ma	25.9	1285.7		440	1264.3	501	1163.9	413	1323.6		1461.7	2023-09		263	0.55
455	Amina Anshba	25.6	1285.4		472	1224.1	454	1248.0	433	1317.7		1385.6	2024-09		545	-0.18
456	Alexandra Bozovic	25.8	1281.8		446	1259.0	482	1207.4	435	1315.9		1331.8	2024-11		552	-0.19
457	Radka Zelnickova	21.9	1280.9		466	1237.1	472	1219.9	436	1315.4		1326.5	2023-03		413	0.10
458	Thasaporn Naklo	23.8	1280.3		443	1260.9	445	1255.2	437	1315.2		1369.7	2024-12		438	0.04
459	Carlota Martinez Cirez	24.3	1278.4		487	1201.7	421	1278.6	438	1314.2		1420.1	2024-05		228	0.70
460	Akiko Omae	32.3	1275.3		435	1267.1	504	1159.1	500	1245.6		1368.4	2011-10		647	-0.34
461	Ikumi Yamazaki	23.8	1271.5		441	1262.2	449	1250.8	439	1310.8		1338.0	2025-03		425	0.08
462	Jada Robinson	26.3	1268.8		469	1234.0	429	1272.0	443	1309.4		1362.1	2024-07		450	0.03
463	Nicole Fossa Huergo	30.0	1268.3		476	1219.8	453	1248.2	444	1309.1		1453.7	2024-12		277	0.51
464	Hikaru Sato	25.8	1268.0		451	1255.4	452	1249.0	445	1309.0		1373.2	2023-10		377	0.21
465	Sofia Rocchetti	22.2	1267.6		468	1234.3	433	1265.0	446	1308.8		1334.8	2024-09		558	-0.18
466	Sofia Shapatava	36.4	1265.9		470	1233.6	444	1256.3	486	1278.4		1540.0	2014-06		424	0.09
467	Sapfo Sakellaridi	22.1	1263.8		508	1142.2	435	1264.6	449	1306.9		1437.6	2023-07		353	0.28
468	Ruien Zhang	17.1	1262.9		459	1244.3	455	1246.5	452	1306.5		1349.0	2025-04		645	-0.32
469	Daria Lodikova	28.8	1262.0		483	1211.2	446	1254.6	453	1306.0		1453.4	2024-10		411	0.13
470	Victoria Rodriguez	30.1	1259.5		447	1258.9	470	1222.7	454	1304.7		1470.7	2015-10		414	0.13
471	Riya Bhatia	27.6	1259.3		496	1181.9	431	1266.8	487	1275.5		1279.5	2025-05		553	-0.16
472	Dalayna Hewitt	24.4	1257.0		458	1244.6	491	1181.6	456	1303.5		1492.7	2022-03		702	-0.40
473	Lucia Cortez Llorca	25.0	1255.1		493	1185.8	406	1287.5	457	1302.5		1483.2	2024-08		378	0.22
474	Sakura Hosogi	25.0	1254.3		467	1235.2	471	1222.3	458	1302.2		1368.2	2022-12		356	0.29
475	Yufei Ren	19.1	1252.2		442	1261.4	478	1214.7	460	1301.1		1428.5	2024-05		526	-0.10
476	Yasmine Mansouri	24.0	1251.7		460	1242.2	500	1164.1	461	1300.9		1399.3	2024-11		329	0.37
477	Gabriella Da Silva Fick	24.7	1250.9		480	1213.6	461	1240.5	462	1300.5		1289.3	2025-05		404	0.17
478	Naiktha Bains	27.4	1247.1		479	1214.8	447	1253.9	509	1221.8		1427.3	2019-05		532	-0.11
479	Jenny Lim	20.3	1246.4		473	1221.9	473	1219.8	465	1298.2		1477.7	2024-05		522	-0.09
480	Jessica Failla	27.9	1243.5		465	1239.1	488	1188.5	472	1285.4		1414.0	2024-06		587	-0.20
481	Nina Vargova	19.4	1238.7		474	1221.3	484	1200.1	466	1294.3		1333.2	2022-11		379	0.24
482	Kaylah Mcphee	26.9	1234.0		478	1215.6	462	1239.7	501	1245.0		1550.1	2019-08		660	-0.31
483	Ayumi Koshiishi	24.7	1233.7		482	1211.8	467	1231.9	468	1291.9		1375.8	2024-10		371	0.26
484	Maria Jose Portillo Ramirez	26.0	1231.7		477	1218.1	485	1194.1	471	1290.9		1291.7	2024-11		429	0.12
485	Martha Matoula	28.1	1228.6		427	1275.9	474	1217.0	347	1364.3		1571.3	2022-08		398	0.20
486	Erika Sema	36.3	1221.4		485	1210.3	505	1147.0	492	1270.7		1570.8	2011-10		516	-0.06
487	Weronika Falkowska	24.7	1220.8		461	1242.1	496	1172.7	473	1285.4		1411.9	2022-11		412	0.17
488	Weronika Ewald	19.2	1220.6		492	1191.5	464	1237.5	475	1285.3		1280.4	2024-08		583	-0.18
489	Georgia Andreea Craciun	25.9	1218.0		503	1157.0	459	1241.9	477	1284.0		1414.9	2024-11		331	0.39
490	Naho Sato	24.1	1217.8		488	1198.0	469	1223.9	478	1283.9		1430.8	2024-05		559	-0.13
491	Nahia Berecoechea	21.1	1215.8		490	1194.9	489	1186.4	479	1282.9		1344.8	2024-06		508	-0.03
492	Victoria Hu	23.1	1214.0		489	1197.5	486	1192.2	481	1282.0		1478.5	2024-02		468	0.05
493	Funa Kozaki	23.7	1211.9		484	1211.1	490	1185.7	483	1280.9		1296.7	2024-11		657	-0.29
494	Alana Smith	25.5	1209.8		463	1240.0	511	1116.5	506	1235.0		1489.9	2024-11		385	0.25
495	Julieta Lara Estable	27.6	1209.8		475	1219.9	493	1180.3	484	1279.9		1428.4	2024-08		528	-0.06
496	Yuki Naito	24.1	1206.5		497	1180.3	479	1212.0	498	1247.7		1525.0	2022-06		572	-0.14
497	Angelina Voloshchuk	18.1	1200.9		486	1202.2	495	1174.5	488	1275.5		1337.9	2024-06		843	-0.53
498	Eri Shimizu	26.9	1199.8		495	1182.6	476	1214.9	482	1281.1		1466.2	2024-09		397	0.23
499	Kira Pavlova	21.1	1199.6		494	1184.7	477	1214.8	489	1274.8		1394.5	2024-04		546	-0.09
500	Fernanda Labrana	26.0	1197.3		457	1244.7	497	1168.6	491	1273.6		1342.9	2022-04		502	0
501	Tara Moore	32.7	1177.3		499	1172.7	514	1081.8	496	1251.0		1600.5	2016-11		876	-0.56
502	Ana Candiotto	20.9	1174.4		500	1169.1	502	1161.4	493	1262.2		1196.8	2024-09		569	-0.13
503	Ekaterina Yashina	31.8	1164.6		505	1149.8	506	1142.2	511	1217.5		1263.8	2011-07		492	0.02
504	Mana Kawamura	23.8	1160.8		504	1156.8	492	1180.9	494	1255.4		1295.8	2023-03		710	-0.34
505	Ekaterina Ovcharenko	24.4	1160.8		507	1144.6	498	1166.4	495	1255.4		1308.8	2024-10		534	-0.06
506	Ya Yi Yang	20.4	1155.3		506	1149.5	503	1159.4	507	1226.2		1374.1	2023-10		773	-0.42
507	Haley Giavara	24.5	1149.6		502	1164.2	510	1119.5	497	1249.8		1423.4	2023-07		476	0.06
508	Rinko Matsuda	20.1	1147.2		509	1129.7	487	1188.6	510	1218.1		1203.6	2025-06		581	-0.13
509	Haruna Arakawa	25.3	1143.1		512	1100.2	499	1165.7	499	1246.5		1207.1	2017-05		506	0.01
510	Ksenia Laskutova	28.0	1138.4		501	1166.8	509	1120.0	503	1244.2		1206.6	2022-10		519	-0.02
511	Aneta Laboutkova	24.8	1127.8		514	1096.0	507	1128.9	505	1238.9		1326.4	2022-08		622	-0.20
512	Hiroko Kuwata	34.3	1120.3		511	1107.0	513	1096.5	514	1120.6		1574.6	2015-03		596	-0.15
513	Freya Christie	27.5	1100.5		510	1120.5	515	1073.6	515	1042.4		1281.6	2016-10		686	-0.29
514	Celia Cervino Ruiz	27.3	1100.5		513	1097.9	508	1125.1	508	1225.2		1200.0	2022-06		548	-0.06
515	Nagi Hanatani	30.1	1078.8		515	1046.3	512	1105.5	513	1183.9		1372.5	2021-08		675	-0.27